ini lat (deg),ini lon (deg),ini alt (m),ini vx_body (m/s),ini vy_body (m/s),ini vz_body (m/s),ini yaw (deg),ini pitch (deg),ini roll (deg)
23.007762,113.20648,-2.628715,8.3333333,0,0,93.635966,-0.25842052,-0.27536298
command type,yaw (deg),pitch (deg),roll (deg),vx_body (m/s),vy_body (m/s),vz_body (m/s),command duration (s),GPS visibility
1,0.18263758,0.002881508,0.0021922464,0,0,0,0.1,1
1,0.18170762,0.0028800241,0.0021968287,0,0,0,0.1,1
1,0.18077765,0.0028785375,0.0022013955,0,0,0,0.1,1
1,0.17984768,0.0028770481,0.0022059468,0,0,0,0.1,1
1,0.17891771,0.0028755559,0.0022104827,0,0,0,0.1,1
1,0.17798773,0.0028740609,0.0022150032,0,0,0,0.1,1
1,0.17705775,0.0028725632,0.0022195083,0,0,0,0.1,1
1,0.17612776,0.0028710628,0.0022239979,0,0,0,0.1,1
1,0.17519777,0.0028695595,0.002228472,0,0,0,0.1,1
1,0.17426778,0.0028680535,0.0022329308,0,0,0,0.1,1
1,0.17333778,0.0028665448,0.0022373741,0,0,0,0.1,1
1,0.17240777,0.0028650333,0.002241802,0,0,0,0.1,1
1,0.17147777,0.002863519,0.0022462144,0,0,0,0.1,1
1,0.17054776,0.0028620019,0.0022506114,0,0,0,0.1,1
1,0.16961774,0.0028604821,0.002254993,0,0,0,0.1,1
1,0.16868772,0.0028589596,0.0022593591,0,0,0,0.1,1
1,0.1677577,0.0028574342,0.0022637099,0,0,0,0.1,1
1,0.16682767,0.0028559061,0.0022680451,0,0,0,0.1,1
1,0.16589764,0.0028543753,0.002272365,0,0,0,0.1,1
1,0.1649676,0.0028528416,0.0022766694,0,0,0,0.1,1
1,0.16403757,0.0028513053,0.0022809583,0,0,0,0.1,1
1,0.16310752,0.0028497661,0.0022852319,0,0,0,0.1,1
1,0.16217747,0.0028482242,0.00228949,0,0,0,0.1,1
1,0.16124742,0.0028466795,0.0022937326,0,0,0,0.1,1
1,0.16031737,0.0028451321,0.0022979599,0,0,0,0.1,1
1,0.15938731,0.0028435819,0.0023021717,0,0,0,0.1,1
1,0.15845724,0.0028420289,0.002306368,0,0,0,0.1,1
1,0.15752717,0.0028404732,0.002310549,0,0,0,0.1,1
1,0.1565971,0.0028389147,0.0023147144,0,0,0,0.1,1
1,0.15566702,0.0028373534,0.0023188645,0,0,0,0.1,1
1,0.15473694,0.0028357894,0.0023229991,0,0,0,0.1,1
1,0.15380686,0.0028342226,0.0023271183,0,0,0,0.1,1
1,0.15287677,0.0028326531,0.0023312221,0,0,0,0.1,1
1,0.15194668,0.0028310808,0.0023353104,0,0,0,0.1,1
1,0.15101658,0.0028295057,0.0023393833,0,0,0,0.1,1
1,0.15008648,0.0028279279,0.0023434407,0,0,0,0.1,1
1,0.14915637,0.0028263473,0.0023474828,0,0,0,0.1,1
1,0.14822626,0.0028247639,0.0023515093,0,0,0,0.1,1
1,0.14729615,0.0028231778,0.0023555205,0,0,0,0.1,1
1,0.14636603,0.0028215889,0.0023595162,0,0,0,0.1,1
1,0.14543591,0.0028199972,0.0023634965,0,0,0,0.1,1
1,0.14450579,0.0028184028,0.0023674613,0,0,0,0.1,1
1,0.14357566,0.0028168056,0.0023714108,0,0,0,0.1,1
1,0.14264552,0.0028152057,0.0023753447,0,0,0,0.1,1
1,0.14171538,0.002813603,0.0023792633,0,0,0,0.1,1
1,0.14078524,0.0028119975,0.0023831664,0,0,0,0.1,1
1,0.1398551,0.0028103893,0.0023870541,0,0,0,0.1,1
1,0.13892495,0.0028087783,0.0023909263,0,0,0,0.1,1
1,0.13799479,0.0028071646,0.0023947831,0,0,0,0.1,1
1,0.13706463,0.002805548,0.0023986245,0,0,0,0.1,1
1,0.13613447,0.0028039288,0.0024024504,0,0,0,0.1,1
1,0.1352043,0.0028023067,0.0024062609,0,0,0,0.1,1
1,0.13427413,0.0028006819,0.002410056,0,0,0,0.1,1
1,0.13334396,0.0027990543,0.0024138356,0,0,0,0.1,1
1,0.13241378,0.002797424,0.0024175998,0,0,0,0.1,1
1,0.1314836,0.0027957909,0.0024213486,0,0,0,0.1,1
1,0.13055341,0.002794155,0.0024250819,0,0,0,0.1,1
1,0.12962322,0.0027925164,0.0024287998,0,0,0,0.1,1
1,0.12869302,0.002790875,0.0024325023,0,0,0,0.1,1
1,0.12776282,0.0027892309,0.0024361893,0,0,0,0.1,1
1,0.12683262,0.002787584,0.0024398609,0,0,0,0.1,1
1,0.12590241,0.0027859343,0.0024435171,0,0,0,0.1,1
1,0.1249722,0.0027842818,0.0024471578,0,0,0,0.1,1
1,0.12404198,0.0027826266,0.0024507831,0,0,0,0.1,1
1,0.12311176,0.0027809687,0.002454393,0,0,0,0.1,1
1,0.12218154,0.002779308,0.0024579874,0,0,0,0.1,1
1,0.12125131,0.0027776445,0.0024615664,0,0,0,0.1,1
1,0.12032108,0.0027759782,0.0024651299,0,0,0,0.1,1
1,0.11939084,0.0027743092,0.0024686781,0,0,0,0.1,1
1,0.1184606,0.0027726374,0.0024722107,0,0,0,0.1,1
1,0.11753036,0.0027709629,0.002475728,0,0,0,0.1,1
1,0.11660011,0.0027692856,0.0024792298,0,0,0,0.1,1
1,0.11566986,0.0027676055,0.0024827162,0,0,0,0.1,1
1,0.1147396,0.0027659226,0.0024861871,0,0,0,0.1,1
1,0.11380934,0.002764237,0.0024896427,0,0,0,0.1,1
1,0.11287907,0.0027625487,0.0024930827,0,0,0,0.1,1
1,0.11194881,0.0027608576,0.0024965074,0,0,0,0.1,1
1,0.11101853,0.0027591637,0.0024999166,0,0,0,0.1,1
1,0.11008825,0.002757467,0.0025033104,0,0,0,0.1,1
1,0.10915797,0.0027557676,0.0025066887,0,0,0,0.1,1
1,0.10822769,0.0027540654,0.0025100516,0,0,0,0.1,1
1,0.1072974,0.0027523605,0.0025133991,0,0,0,0.1,1
1,0.1063671,0.0027506528,0.0025167311,0,0,0,0.1,1
1,0.10543681,0.0027489423,0.0025200477,0,0,0,0.1,1
1,0.10450651,0.0027472291,0.0025233489,0,0,0,0.1,1
1,0.1035762,0.0027455131,0.0025266347,0,0,0,0.1,1
1,0.10264589,0.0027437944,0.002529905,0,0,0,0.1,1
1,0.10171557,0.0027420728,0.0025331598,0,0,0,0.1,1
1,0.10078526,0.0027403486,0.0025363993,0,0,0,0.1,1
1,0.099854934,0.0027386215,0.0025396233,0,0,0,0.1,1
1,0.098924608,0.0027368917,0.0025428318,0,0,0,0.1,1
1,0.097994277,0.0027351591,0.002546025,0,0,0,0.1,1
1,0.097063943,0.0027334238,0.0025492027,0,0,0,0.1,1
1,0.096133604,0.0027316857,0.0025523649,0,0,0,0.1,1
1,0.095203261,0.0027299448,0.0025555117,0,0,0,0.1,1
1,0.094272914,0.0027282012,0.0025586431,0,0,0,0.1,1
1,0.093342563,0.0027264548,0.0025617591,0,0,0,0.1,1
1,0.092412208,0.0027247057,0.0025648596,0,0,0,0.1,1
1,0.091481849,0.0027229538,0.0025679447,0,0,0,0.1,1
1,0.090551486,0.0027211991,0.0025710144,0,0,0,0.1,1
1,0.089621118,0.0027194416,0.0025740686,0,0,0,0.1,1
1,0.088690747,0.0027176814,0.0025771074,0,0,0,0.1,1
1,0.087760371,0.0027159185,0.0025801307,0,0,0,0.1,1
1,0.086829991,0.0027141528,0.0025831387,0,0,0,0.1,1
1,0.085899607,0.0027123843,0.0025861311,0,0,0,0.1,1
1,0.08496922,0.002710613,0.0025891082,0,0,0,0.1,1
1,0.084038828,0.002708839,0.0025920698,0,0,0,0.1,1
1,0.083108431,0.0027070622,0.002595016,0,0,0,0.1,1
1,0.082178031,0.0027052827,0.0025979467,0,0,0,0.1,1
1,0.081247627,0.0027035004,0.0026008621,0,0,0,0.1,1
1,0.080317219,0.0027017153,0.0026037619,0,0,0,0.1,1
1,0.079386806,0.0026999275,0.0026066464,0,0,0,0.1,1
1,0.07845639,0.0026981369,0.0026095154,0,0,0,0.1,1
1,0.077525969,0.0026963435,0.002612369,0,0,0,0.1,1
1,0.076595544,0.0026945474,0.0026152071,0,0,0,0.1,1
1,0.075665115,0.0026927485,0.0026180298,0,0,0,0.1,1
1,0.074734682,0.0026909468,0.0026208371,0,0,0,0.1,1
1,0.073804245,0.0026891424,0.0026236289,0,0,0,0.1,1
1,0.072873804,0.0026873352,0.0026264053,0,0,0,0.1,1
1,0.071943359,0.0026855253,0.0026291663,0,0,0,0.1,1
1,0.071012909,0.0026837126,0.0026319118,0,0,0,0.1,1
1,0.070082456,0.0026818971,0.0026346419,0,0,0,0.1,1
1,0.069151998,0.0026800789,0.0026373566,0,0,0,0.1,1
1,0.068221537,0.0026782579,0.0026400558,0,0,0,0.1,1
1,0.067291071,0.0026764342,0.0026427396,0,0,0,0.1,1
1,-0.0023204382,0.00267728,0.0030347544,0,0,0,0.1,1
1,-0.0023095442,0.0026755671,0.0030327551,0,0,0,0.1,1
1,-0.0022986502,0.0026738543,0.003030756,0,0,0,0.1,1
1,-0.0022877562,0.0026721415,0.0030287569,0,0,0,0.1,1
1,-0.0022768623,0.0026704287,0.0030267581,0,0,0,0.1,1
1,-0.0022659683,0.0026687159,0.0030247593,0,0,0,0.1,1
1,-0.0022550744,0.0026670031,0.0030227607,0,0,0,0.1,1
1,-0.0022441804,0.0026652903,0.0030207622,0,0,0,0.1,1
1,-0.0022332865,0.0026635774,0.0030187638,0,0,0,0.1,1
1,-0.0022223925,0.0026618646,0.0030167656,0,0,0,0.1,1
1,-0.0022114986,0.0026601518,0.0030147675,0,0,0,0.1,1
1,-0.0022006046,0.002658439,0.0030127695,0,0,0,0.1,1
1,-0.0021897107,0.0026567262,0.0030107716,0,0,0,0.1,1
1,-0.0021788168,0.0026550134,0.0030087739,0,0,0,0.1,1
1,-0.0021679229,0.0026533006,0.0030067763,0,0,0,0.1,1
1,-0.0021570289,0.0026515878,0.0030047789,0,0,0,0.1,1
1,-0.002146135,0.002649875,0.0030027815,0,0,0,0.1,1
1,-0.0021352411,0.0026481622,0.0030007843,0,0,0,0.1,1
1,-0.0021243472,0.0026464494,0.0029987872,0,0,0,0.1,1
1,-0.0021134533,0.0026447366,0.0029967903,0,0,0,0.1,1
1,-0.0021025594,0.0026430238,0.0029947935,0,0,0,0.1,1
1,-0.0020916655,0.002641311,0.0029927968,0,0,0,0.1,1
1,-0.0020807716,0.0026395982,0.0029908002,0,0,0,0.1,1
1,-0.0020698777,0.0026378854,0.0029888038,0,0,0,0.1,1
1,-0.0020589839,0.0026361726,0.0029868075,0,0,0,0.1,1
1,-0.00204809,0.0026344598,0.0029848113,0,0,0,0.1,1
1,-0.0020371961,0.0026327471,0.0029828153,0,0,0,0.1,1
1,-0.0020263022,0.0026310343,0.0029808193,0,0,0,0.1,1
1,-0.0020154084,0.0026293215,0.0029788235,0,0,0,0.1,1
1,-0.0020045145,0.0026276087,0.0029768279,0,0,0,0.1,1
1,-0.0019936207,0.0026258959,0.0029748324,0,0,0,0.1,1
1,-0.0019827268,0.0026241831,0.0029728369,0,0,0,0.1,1
1,-0.001971833,0.0026224704,0.0029708417,0,0,0,0.1,1
1,-0.0019609391,0.0026207576,0.0029688465,0,0,0,0.1,1
1,-0.0019500453,0.0026190448,0.0029668515,0,0,0,0.1,1
1,-0.0019391515,0.002617332,0.0029648566,0,0,0,0.1,1
1,-0.0019282576,0.0026156193,0.0029628619,0,0,0,0.1,1
1,-0.0019173638,0.0026139065,0.0029608672,0,0,0,0.1,1
1,-0.00190647,0.0026121937,0.0029588727,0,0,0,0.1,1
1,-0.0018955762,0.0026104809,0.0029568784,0,0,0,0.1,1
1,-0.0018846824,0.0026087682,0.0029548841,0,0,0,0.1,1
1,-0.0018737886,0.0026070554,0.00295289,0,0,0,0.1,1
1,-0.0018628948,0.0026053426,0.002950896,0,0,0,0.1,1
1,-0.001852001,0.0026036299,0.0029489022,0,0,0,0.1,1
1,-0.0018411072,0.0026019171,0.0029469084,0,0,0,0.1,1
1,-0.0018302134,0.0026002043,0.0029449148,0,0,0,0.1,1
1,-0.0018193196,0.0025984916,0.0029429214,0,0,0,0.1,1
1,-0.0018084258,0.0025967788,0.002940928,0,0,0,0.1,1
1,-0.0017975321,0.0025950661,0.0029389348,0,0,0,0.1,1
1,-0.0017866383,0.0025933533,0.0029369417,0,0,0,0.1,1
1,-0.0017757445,0.0025916405,0.0029349488,0,0,0,0.1,1
1,-0.0017648508,0.0025899278,0.002932956,0,0,0,0.1,1
1,-0.001753957,0.002588215,0.0029309633,0,0,0,0.1,1
1,-0.0017430633,0.0025865023,0.0029289707,0,0,0,0.1,1
1,-0.0017321695,0.0025847895,0.0029269782,0,0,0,0.1,1
1,-0.0017212758,0.0025830768,0.0029249859,0,0,0,0.1,1
1,-0.001710382,0.002581364,0.0029229938,0,0,0,0.1,1
1,-0.0016994883,0.0025796513,0.0029210017,0,0,0,0.1,1
1,-0.0016885946,0.0025779385,0.0029190098,0,0,0,0.1,1
1,-0.0016777008,0.0025762258,0.002917018,0,0,0,0.1,1
1,-0.0016668071,0.0025745131,0.0029150263,0,0,0,0.1,1
1,-0.0016559134,0.0025728003,0.0029130348,0,0,0,0.1,1
1,-0.0016450197,0.0025710876,0.0029110434,0,0,0,0.1,1
1,-0.001634126,0.0025693748,0.0029090521,0,0,0,0.1,1
1,-0.0016232323,0.0025676621,0.002907061,0,0,0,0.1,1
1,-0.0016123386,0.0025659494,0.0029050699,0,0,0,0.1,1
1,-0.0016014449,0.0025642366,0.002903079,0,0,0,0.1,1
1,-0.0015905512,0.0025625239,0.0029010883,0,0,0,0.1,1
1,-0.0015796575,0.0025608112,0.0028990976,0,0,0,0.1,1
1,-0.0015687638,0.0025590984,0.0028971071,0,0,0,0.1,1
1,-0.0015578701,0.0025573857,0.0028951168,0,0,0,0.1,1
1,-0.0015469765,0.002555673,0.0028931265,0,0,0,0.1,1
1,-0.0015360828,0.0025539602,0.0028911364,0,0,0,0.1,1
1,-0.0015251891,0.0025522475,0.0028891464,0,0,0,0.1,1
1,-0.0015142955,0.0025505348,0.0028871565,0,0,0,0.1,1
1,-0.0015034018,0.0025488221,0.0028851668,0,0,0,0.1,1
1,-0.0014925082,0.0025471094,0.0028831772,0,0,0,0.1,1
1,-0.0014816145,0.0025453966,0.0028811877,0,0,0,0.1,1
1,-0.0014707209,0.0025436839,0.0028791984,0,0,0,0.1,1
1,-0.0014598272,0.0025419712,0.0028772092,0,0,0,0.1,1
1,-0.0014489336,0.0025402585,0.0028752201,0,0,0,0.1,1
1,-0.00143804,0.0025385458,0.0028732311,0,0,0,0.1,1
1,-0.0014271464,0.0025368331,0.0028712423,0,0,0,0.1,1
1,-0.0014162527,0.0025351203,0.0028692536,0,0,0,0.1,1
1,-0.0014053591,0.0025334076,0.002867265,0,0,0,0.1,1
1,-0.0013944655,0.0025316949,0.0028652766,0,0,0,0.1,1
1,-0.0013835719,0.0025299822,0.0028632883,0,0,0,0.1,1
1,-0.0013726783,0.0025282695,0.0028613001,0,0,0,0.1,1
1,-0.0013617847,0.0025265568,0.002859312,0,0,0,0.1,1
1,-0.0013508911,0.0025248441,0.0028573241,0,0,0,0.1,1
1,-0.0013399975,0.0025231314,0.0028553363,0,0,0,0.1,1
1,-0.0013291039,0.0025214187,0.0028533486,0,0,0,0.1,1
1,-0.0013182103,0.002519706,0.0028513611,0,0,0,0.1,1
1,-0.0013073168,0.0025179933,0.0028493737,0,0,0,0.1,1
1,-0.0012964232,0.0025162806,0.0028473864,0,0,0,0.1,1
1,-0.0012855296,0.0025145679,0.0028453992,0,0,0,0.1,1
1,-0.0012746361,0.0025128552,0.0028434122,0,0,0,0.1,1
1,-0.0012637425,0.0025111425,0.0028414253,0,0,0,0.1,1
1,-0.0012528489,0.0025094298,0.0028394385,0,0,0,0.1,1
1,-0.0012419554,0.0025077171,0.0028374519,0,0,0,0.1,1
1,-0.0012310619,0.0025060044,0.0028354654,0,0,0,0.1,1
1,-0.0012201683,0.0025042917,0.002833479,0,0,0,0.1,1
1,-0.0012092748,0.0025025791,0.0028314928,0,0,0,0.1,1
1,-0.0011983812,0.0025008664,0.0028295066,0,0,0,0.1,1
1,-0.0011874877,0.0024991537,0.0028275206,0,0,0,0.1,1
1,-0.0011765942,0.002497441,0.0028255348,0,0,0,0.1,1
1,-0.0011657007,0.0024957283,0.002823549,0,0,0,0.1,1
1,-0.0011548071,0.0024940156,0.0028215634,0,0,0,0.1,1
1,-0.0011439136,0.002492303,0.0028195779,0,0,0,0.1,1
1,-0.0011330201,0.0024905903,0.0028175926,0,0,0,0.1,1
1,-0.0011221266,0.0024888776,0.0028156074,0,0,0,0.1,1
1,-0.0011112331,0.0024871649,0.0028136223,0,0,0,0.1,1
1,-0.0011003396,0.0024854523,0.0028116373,0,0,0,0.1,1
1,-0.0010894461,0.0024837396,0.0028096525,0,0,0,0.1,1
1,-0.0010785527,0.0024820269,0.0028076678,0,0,0,0.1,1
1,-0.0010676592,0.0024803143,0.0028056832,0,0,0,0.1,1
1,-0.0010567657,0.0024786016,0.0028036987,0,0,0,0.1,1
1,-0.0010458722,0.0024768889,0.0028017144,0,0,0,0.1,1
1,-0.0010349788,0.0024751762,0.0027997302,0,0,0,0.1,1
1,-0.0010240853,0.0024734636,0.0027977462,0,0,0,0.1,1
1,-0.0010131918,0.0024717509,0.0027957622,0,0,0,0.1,1
1,-0.0010022984,0.0024700383,0.0027937784,0,0,0,0.1,1
1,-0.00099140494,0.0024683256,0.0027917948,0,0,0,0.1,1
1,-0.0009805115,0.0024666129,0.0027898112,0,0,0,0.1,1
1,-0.00096961805,0.0024649003,0.0027878278,0,0,0,0.1,1
1,-0.00095872462,0.0024631876,0.0027858445,0,0,0,0.1,1
1,-0.00094783118,0.002461475,0.0027838614,0,0,0,0.1,1
1,-0.00093693776,0.0024597623,0.0027818783,0,0,0,0.1,1
1,-0.00092604433,0.0024580497,0.0027798954,0,0,0,0.1,1
1,-0.00091515091,0.002456337,0.0027779126,0,0,0,0.1,1
1,-0.0009042575,0.0024546244,0.00277593,0,0,0,0.1,1
1,-0.00089336409,0.0024529117,0.0027739475,0,0,0,0.1,1
1,-0.00088247068,0.0024511991,0.0027719651,0,0,0,0.1,1
1,-0.00087157728,0.0024494864,0.0027699828,0,0,0,0.1,1
1,-0.00086068388,0.0024477738,0.0027680007,0,0,0,0.1,1
1,-0.00084979049,0.0024460611,0.0027660187,0,0,0,0.1,1
1,-0.0008388971,0.0024443485,0.0027640368,0,0,0,0.1,1
1,-0.00082800372,0.0024426359,0.0027620551,0,0,0,0.1,1
1,-0.00081711034,0.0024409232,0.0027600735,0,0,0,0.1,1
1,-0.00080621696,0.0024392106,0.002758092,0,0,0,0.1,1
1,-0.00079532359,0.0024374979,0.0027561107,0,0,0,0.1,1
1,-0.00078443023,0.0024357853,0.0027541294,0,0,0,0.1,1
1,-0.00077353686,0.0024340727,0.0027521483,0,0,0,0.1,1
1,-0.00076264351,0.00243236,0.0027501674,0,0,0,0.1,1
1,-0.00075175015,0.0024306474,0.0027481865,0,0,0,0.1,1
1,-0.0007408568,0.0024289348,0.0027462058,0,0,0,0.1,1
1,-0.00072996346,0.0024272221,0.0027442252,0,0,0,0.1,1
1,-0.00071907012,0.0024255095,0.0027422448,0,0,0,0.1,1
1,-0.00070817678,0.0024237969,0.0027402645,0,0,0,0.1,1
1,-0.00069728345,0.0024220843,0.0027382843,0,0,0,0.1,1
1,-0.00068639012,0.0024203716,0.0027363042,0,0,0,0.1,1
1,-0.0006754968,0.002418659,0.0027343243,0,0,0,0.1,1
1,-0.00066460348,0.0024169464,0.0027323444,0,0,0,0.1,1
1,-0.00065371017,0.0024152338,0.0027303648,0,0,0,0.1,1
1,-0.00064281686,0.0024135212,0.0027283852,0,0,0,0.1,1
1,-0.00063192355,0.0024118085,0.0027264058,0,0,0,0.1,1
1,-0.00062103025,0.0024100959,0.0027244265,0,0,0,0.1,1
1,-0.00061013696,0.0024083833,0.0027224473,0,0,0,0.1,1
1,-0.00059924366,0.0024066707,0.0027204683,0,0,0,0.1,1
1,-0.00058835038,0.0024049581,0.0027184894,0,0,0,0.1,1
1,-0.00057745709,0.0024032455,0.0027165106,0,0,0,0.1,1
1,-0.00056656381,0.0024015329,0.002714532,0,0,0,0.1,1
1,-0.00055567054,0.0023998203,0.0027125534,0,0,0,0.1,1
1,-0.00054477727,0.0023981077,0.0027105751,0,0,0,0.1,1
1,-0.000533884,0.0023963951,0.0027085968,0,0,0,0.1,1
1,-0.00052299074,0.0023946825,0.0027066187,0,0,0,0.1,1
1,-0.00051209748,0.0023929698,0.0027046407,0,0,0,0.1,1
1,-0.00050120423,0.0023912572,0.0027026628,0,0,0,0.1,1
1,-0.00049031098,0.0023895446,0.002700685,0,0,0,0.1,1
1,-0.00047941774,0.002387832,0.0026987074,0,0,0,0.1,1
1,-0.0004685245,0.0023861195,0.0026967299,0,0,0,0.1,1
1,-0.00045763126,0.0023844069,0.0026947526,0,0,0,0.1,1
1,-0.00044673803,0.0023826943,0.0026927753,0,0,0,0.1,1
1,-0.00043584481,0.0023809817,0.0026907982,0,0,0,0.1,1
1,-0.00042495159,0.0023792691,0.0026888213,0,0,0,0.1,1
1,-0.00041405837,0.0023775565,0.0026868444,0,0,0,0.1,1
1,-0.00040316515,0.0023758439,0.0026848677,0,0,0,0.1,1
1,-0.00039227195,0.0023741313,0.0026828911,0,0,0,0.1,1
1,-0.00038137874,0.0023724187,0.0026809147,0,0,0,0.1,1
1,-0.00037048554,0.0023707061,0.0026789383,0,0,0,0.1,1
1,-0.00035959235,0.0023689936,0.0026769621,0,0,0,0.1,1
1,-0.00034869915,0.002367281,0.0026749861,0,0,0,0.1,1
1,-0.00033780597,0.0023655684,0.0026730101,0,0,0,0.1,1
1,-0.00032691278,0.0023638558,0.0026710343,0,0,0,0.1,1
1,-0.00031601961,0.0023621432,0.0026690586,0,0,0,0.1,1
1,-0.00030512643,0.0023604307,0.0026670831,0,0,0,0.1,1
1,-0.00029423326,0.0023587181,0.0026651076,0,0,0,0.1,1
1,-0.0002833401,0.0023570055,0.0026631323,0,0,0,0.1,1
1,-0.00027244694,0.0023552929,0.0026611572,0,0,0,0.1,1
1,-0.00026155378,0.0023535804,0.0026591821,0,0,0,0.1,1
1,-0.00025066063,0.0023518678,0.0026572072,0,0,0,0.1,1
1,-0.00023976748,0.0023501552,0.0026552324,0,0,0,0.1,1
1,-0.00022887434,0.0023484427,0.0026532578,0,0,0,0.1,1
1,-0.0002179812,0.0023467301,0.0026512833,0,0,0,0.1,1
1,-0.00020708807,0.0023450175,0.0026493089,0,0,0,0.1,1
1,-0.00019619494,0.002343305,0.0026473346,0,0,0,0.1,1
1,-0.00018530181,0.0023415924,0.0026453605,0,0,0,0.1,1
1,-0.00017440869,0.0023398798,0.0026433864,0,0,0,0.1,1
1,-0.00016351557,0.0023381673,0.0026414126,0,0,0,0.1,1
1,-0.00015262246,0.0023364547,0.0026394388,0,0,0,0.1,1
1,-0.00014172935,0.0023347422,0.0026374652,0,0,0,0.1,1
1,-0.00013083625,0.0023330296,0.0026354917,0,0,0,0.1,1
1,-0.00011994315,0.0023313171,0.0026335183,0,0,0,0.1,1
1,-0.00010905005,0.0023296045,0.0026315451,0,0,0,0.1,1
1,-9.8156963e-05,0.0023278919,0.002629572,0,0,0,0.1,1
1,-8.7263877e-05,0.0023261794,0.002627599,0,0,0,0.1,1
1,-7.6370795e-05,0.0023244668,0.0026256262,0,0,0,0.1,1
1,-6.5477718e-05,0.0023227543,0.0026236534,0,0,0,0.1,1
1,-5.4584645e-05,0.0023210418,0.0026216809,0,0,0,0.1,1
1,-4.3691576e-05,0.0023193292,0.0026197084,0,0,0,0.1,1
1,-3.2798512e-05,0.0023176167,0.0026177361,0,0,0,0.1,1
1,-2.1905452e-05,0.0023159041,0.0026157639,0,0,0,0.1,1
1,-1.1012396e-05,0.0023141916,0.0026137918,0,0,0,0.1,1
1,-1.1934531e-07,0.002312479,0.0026118198,0,0,0,0.1,1
1,1.0773701e-05,0.0023107665,0.002609848,0,0,0,0.1,1
1,2.1666744e-05,0.002309054,0.0026078763,0,0,0,0.1,1
1,3.2559782e-05,0.0023073414,0.0026059048,0,0,0,0.1,1
1,4.3452815e-05,0.0023056289,0.0026039333,0,0,0,0.1,1
1,5.4345844e-05,0.0023039164,0.002601962,0,0,0,0.1,1
1,6.5238869e-05,0.0023022038,0.0025999909,0,0,0,0.1,1
1,7.613189e-05,0.0023004913,0.0025980198,0,0,0,0.1,1
1,8.7024906e-05,0.0022987788,0.0025960489,0,0,0,0.1,1
1,9.7917917e-05,0.0022970662,0.0025940781,0,0,0,0.1,1
1,0.00010881092,0.0022953537,0.0025921074,0,0,0,0.1,1
1,0.00011970393,0.0022936412,0.0025901369,0,0,0,0.1,1
1,0.00013059693,0.0022919287,0.0025881665,0,0,0,0.1,1
1,0.00014148992,0.0022902161,0.0025861962,0,0,0,0.1,1
1,0.00015238291,0.0022885036,0.0025842261,0,0,0,0.1,1
1,0.0001632759,0.0022867911,0.0025822561,0,0,0,0.1,1
1,0.00017416888,0.0022850786,0.0025802862,0,0,0,0.1,1
1,0.00018506185,0.0022833661,0.0025783165,0,0,0,0.1,1
1,0.00019595482,0.0022816535,0.0025763468,0,0,0,0.1,1
1,0.00020684779,0.002279941,0.0025743773,0,0,0,0.1,1
1,0.00021774076,0.0022782285,0.002572408,0,0,0,0.1,1
1,0.00022863372,0.002276516,0.0025704387,0,0,0,0.1,1
1,0.00023952667,0.0022748035,0.0025684696,0,0,0,0.1,1
1,0.00025041962,0.002273091,0.0025665006,0,0,0,0.1,1
1,0.00026131257,0.0022713785,0.0025645318,0,0,0,0.1,1
1,0.00027220551,0.002269666,0.002562563,0,0,0,0.1,1
1,0.00028309844,0.0022679535,0.0025605944,0,0,0,0.1,1
1,0.00029399138,0.002266241,0.002558626,0,0,0,0.1,1
1,0.00030488431,0.0022645285,0.0025566576,0,0,0,0.1,1
1,0.00031577723,0.002262816,0.0025546894,0,0,0,0.1,1
1,0.00032667015,0.0022611035,0.0025527214,0,0,0,0.1,1
1,0.00033756306,0.002259391,0.0025507534,0,0,0,0.1,1
1,0.00034845598,0.0022576785,0.0025487856,0,0,0,0.1,1
1,0.00035934888,0.002255966,0.0025468179,0,0,0,0.1,1
1,0.00037024178,0.0022542535,0.0025448503,0,0,0,0.1,1
1,0.00038113468,0.002252541,0.0025428829,0,0,0,0.1,1
1,0.00039202758,0.0022508285,0.0025409156,0,0,0,0.1,1
1,0.00040292046,0.002249116,0.0025389484,0,0,0,0.1,1
1,0.00041381335,0.0022474035,0.0025369813,0,0,0,0.1,1
1,0.00042470623,0.002245691,0.0025350144,0,0,0,0.1,1
1,0.0004355991,0.0022439785,0.0025330476,0,0,0,0.1,1
1,0.00044649198,0.002242266,0.002531081,0,0,0,0.1,1
1,0.00045738484,0.0022405536,0.0025291144,0,0,0,0.1,1
1,0.00046827771,0.0022388411,0.002527148,0,0,0,0.1,1
1,0.00047917056,0.0022371286,0.0025251818,0,0,0,0.1,1
1,0.00049006342,0.0022354161,0.0025232156,0,0,0,0.1,1
1,0.00050095627,0.0022337036,0.0025212496,0,0,0,0.1,1
1,0.00051184911,0.0022319912,0.0025192837,0,0,0,0.1,1
1,0.00052274195,0.0022302787,0.0025173179,0,0,0,0.1,1
1,0.00053363479,0.0022285662,0.0025153523,0,0,0,0.1,1
1,0.00054452762,0.0022268537,0.0025133868,0,0,0,0.1,1
1,0.00055542045,0.0022251413,0.0025114214,0,0,0,0.1,1
1,0.00056631327,0.0022234288,0.0025094562,0,0,0,0.1,1
1,0.00057720609,0.0022217163,0.0025074911,0,0,0,0.1,1
1,0.00058809891,0.0022200039,0.0025055261,0,0,0,0.1,1
1,0.00059899172,0.0022182914,0.0025035612,0,0,0,0.1,1
1,0.00060988452,0.0022165789,0.0025015965,0,0,0,0.1,1
1,0.00062077732,0.0022148665,0.0024996319,0,0,0,0.1,1
1,0.00063167012,0.002213154,0.0024976674,0,0,0,0.1,1
1,0.00064256291,0.0022114415,0.0024957031,0,0,0,0.1,1
1,0.0006534557,0.0022097291,0.0024937389,0,0,0,0.1,1
1,0.00066434848,0.0022080166,0.0024917748,0,0,0,0.1,1
1,0.00067524126,0.0022063042,0.0024898108,0,0,0,0.1,1
1,0.00068613404,0.0022045917,0.002487847,0,0,0,0.1,1
1,0.00069702681,0.0022028792,0.0024858833,0,0,0,0.1,1
1,0.00070791957,0.0022011668,0.0024839197,0,0,0,0.1,1
1,0.00071881234,0.0021994543,0.0024819563,0,0,0,0.1,1
1,0.00072970509,0.0021977419,0.002479993,0,0,0,0.1,1
1,0.00074059785,0.0021960294,0.0024780298,0,0,0,0.1,1
1,0.0007514906,0.002194317,0.0024760667,0,0,0,0.1,1
1,0.00076238334,0.0021926045,0.0024741038,0,0,0,0.1,1
1,0.00077327608,0.0021908921,0.002472141,0,0,0,0.1,1
1,0.00078416882,0.0021891797,0.0024701783,0,0,0,0.1,1
1,0.00079506155,0.0021874672,0.0024682158,0,0,0,0.1,1
1,0.00080595427,0.0021857548,0.0024662534,0,0,0,0.1,1
1,0.000816847,0.0021840423,0.0024642911,0,0,0,0.1,1
1,0.00082773971,0.0021823299,0.002462329,0,0,0,0.1,1
1,0.00083863243,0.0021806175,0.0024603669,0,0,0,0.1,1
1,0.00084952514,0.002178905,0.002458405,0,0,0,0.1,1
1,0.00086041784,0.0021771926,0.0024564433,0,0,0,0.1,1
1,0.00087131054,0.0021754801,0.0024544816,0,0,0,0.1,1
1,0.00088220324,0.0021737677,0.0024525201,0,0,0,0.1,1
1,0.00089309593,0.0021720553,0.0024505588,0,0,0,0.1,1
1,0.00090398862,0.0021703429,0.0024485975,0,0,0,0.1,1
1,0.0009148813,0.0021686304,0.0024466364,0,0,0,0.1,1
1,0.00092577398,0.002166918,0.0024446754,0,0,0,0.1,1
1,0.00093666665,0.0021652056,0.0024427145,0,0,0,0.1,1
1,0.00094755932,0.0021634931,0.0024407538,0,0,0,0.1,1
1,0.00095845199,0.0021617807,0.0024387932,0,0,0,0.1,1
1,0.00096934465,0.0021600683,0.0024368327,0,0,0,0.1,1
1,0.00098023731,0.0021583559,0.0024348724,0,0,0,0.1,1
1,0.00099112996,0.0021566435,0.0024329121,0,0,0,0.1,1
1,0.0010020226,0.002154931,0.0024309521,0,0,0,0.1,1
1,0.0010129152,0.0021532186,0.0024289921,0,0,0,0.1,1
1,0.0010238079,0.0021515062,0.0024270323,0,0,0,0.1,1
1,0.0010347005,0.0021497938,0.0024250726,0,0,0,0.1,1
1,0.0010455932,0.0021480814,0.002423113,0,0,0,0.1,1
1,0.0010564858,0.002146369,0.0024211535,0,0,0,0.1,1
1,0.0010673784,0.0021446566,0.0024191942,0,0,0,0.1,1
1,0.001078271,0.0021429442,0.002417235,0,0,0,0.1,1
1,0.0010891636,0.0021412317,0.002415276,0,0,0,0.1,1
1,0.0011000562,0.0021395193,0.002413317,0,0,0,0.1,1
1,0.0011109488,0.0021378069,0.0024113582,0,0,0,0.1,1
1,0.0011218414,0.0021360945,0.0024093996,0,0,0,0.1,1
1,0.001132734,0.0021343821,0.002407441,0,0,0,0.1,1
1,0.0011436266,0.0021326697,0.0024054826,0,0,0,0.1,1
1,0.0011545192,0.0021309573,0.0024035243,0,0,0,0.1,1
1,0.0011654118,0.0021292449,0.0024015662,0,0,0,0.1,1
1,0.0011763044,0.0021275325,0.0023996081,0,0,0,0.1,1
1,0.0011871969,0.0021258201,0.0023976502,0,0,0,0.1,1
1,0.0011980895,0.0021241077,0.0023956925,0,0,0,0.1,1
1,0.0012089821,0.0021223954,0.0023937348,0,0,0,0.1,1
1,0.0012198746,0.002120683,0.0023917773,0,0,0,0.1,1
1,0.0012307672,0.0021189706,0.0023898199,0,0,0,0.1,1
1,0.0012416598,0.0021172582,0.0023878627,0,0,0,0.1,1
1,0.0012525523,0.0021155458,0.0023859056,0,0,0,0.1,1
1,0.0012634448,0.0021138334,0.0023839486,0,0,0,0.1,1
1,0.0012743374,0.002112121,0.0023819917,0,0,0,0.1,1
1,0.0012852299,0.0021104086,0.0023800349,0,0,0,0.1,1
1,0.0012961224,0.0021086963,0.0023780783,0,0,0,0.1,1
1,0.001307015,0.0021069839,0.0023761219,0,0,0,0.1,1
1,0.0013179075,0.0021052715,0.0023741655,0,0,0,0.1,1
1,0.0013288,0.0021035591,0.0023722093,0,0,0,0.1,1
1,0.0013396925,0.0021018467,0.0023702532,0,0,0,0.1,1
1,0.001350585,0.0021001344,0.0023682972,0,0,0,0.1,1
1,0.0013614775,0.002098422,0.0023663414,0,0,0,0.1,1
1,0.00137237,0.0020967096,0.0023643857,0,0,0,0.1,1
1,0.0013832625,0.0020949973,0.0023624301,0,0,0,0.1,1
1,0.001394155,0.0020932849,0.0023604746,0,0,0,0.1,1
1,0.0014050475,0.0020915725,0.0023585193,0,0,0,0.1,1
1,0.00141594,0.0020898601,0.0023565641,0,0,0,0.1,1
1,0.0014268325,0.0020881478,0.0023546091,0,0,0,0.1,1
1,0.0014377249,0.0020864354,0.0023526541,0,0,0,0.1,1
1,0.0014486174,0.0020847231,0.0023506993,0,0,0,0.1,1
1,0.0014595099,0.0020830107,0.0023487446,0,0,0,0.1,1
1,0.0014704023,0.0020812983,0.0023467901,0,0,0,0.1,1
1,0.0014812948,0.002079586,0.0023448357,0,0,0,0.1,1
1,0.0014921872,0.0020778736,0.0023428814,0,0,0,0.1,1
1,0.0015030797,0.0020761613,0.0023409272,0,0,0,0.1,1
1,0.0015139721,0.0020744489,0.0023389732,0,0,0,0.1,1
1,0.0015248646,0.0020727365,0.0023370193,0,0,0,0.1,1
1,0.001535757,0.0020710242,0.0023350655,0,0,0,0.1,1
1,0.0015466494,0.0020693118,0.0023331119,0,0,0,0.1,1
1,0.0015575418,0.0020675995,0.0023311584,0,0,0,0.1,1
1,0.0015684343,0.0020658871,0.002329205,0,0,0,0.1,1
1,0.0015793267,0.0020641748,0.0023272517,0,0,0,0.1,1
1,0.0015902191,0.0020624624,0.0023252986,0,0,0,0.1,1
1,0.0016011115,0.0020607501,0.0023233456,0,0,0,0.1,1
1,0.0016120039,0.0020590378,0.0023213927,0,0,0,0.1,1
1,0.0016228963,0.0020573254,0.00231944,0,0,0,0.1,1
1,0.0016337887,0.0020556131,0.0023174873,0,0,0,0.1,1
1,0.0016446811,0.0020539007,0.0023155349,0,0,0,0.1,1
1,0.0016555735,0.0020521884,0.0023135825,0,0,0,0.1,1
1,0.0016664658,0.0020504761,0.0023116303,0,0,0,0.1,1
1,0.0016773582,0.0020487637,0.0023096782,0,0,0,0.1,1
1,0.0016882506,0.0020470514,0.0023077262,0,0,0,0.1,1
1,0.001699143,0.0020453391,0.0023057744,0,0,0,0.1,1
1,0.0017100353,0.0020436267,0.0023038226,0,0,0,0.1,1
1,0.0017209277,0.0020419144,0.0023018711,0,0,0,0.1,1
1,0.00173182,0.0020402021,0.0022999196,0,0,0,0.1,1
1,0.0017427124,0.0020384897,0.0022979683,0,0,0,0.1,1
1,0.0017536047,0.0020367774,0.0022960171,0,0,0,0.1,1
1,0.0017644971,0.0020350651,0.002294066,0,0,0,0.1,1
1,0.0017753894,0.0020333528,0.0022921151,0,0,0,0.1,1
1,0.0017862817,0.0020316404,0.0022901643,0,0,0,0.1,1
1,0.0017971741,0.0020299281,0.0022882136,0,0,0,0.1,1
1,0.0018080664,0.0020282158,0.002286263,0,0,0,0.1,1
1,0.0018189587,0.0020265035,0.0022843126,0,0,0,0.1,1
1,0.001829851,0.0020247912,0.0022823623,0,0,0,0.1,1
1,0.0018407433,0.0020230788,0.0022804121,0,0,0,0.1,1
1,0.0018516356,0.0020213665,0.0022784621,0,0,0,0.1,1
1,0.0018625279,0.0020196542,0.0022765122,0,0,0,0.1,1
1,0.0018734202,0.0020179419,0.0022745624,0,0,0,0.1,1
1,0.0018843125,0.0020162296,0.0022726128,0,0,0,0.1,1
1,0.0018952048,0.0020145173,0.0022706632,0,0,0,0.1,1
1,0.0019060971,0.002012805,0.0022687138,0,0,0,0.1,1
1,0.0019169894,0.0020110927,0.0022667646,0,0,0,0.1,1
1,0.0019278817,0.0020093804,0.0022648154,0,0,0,0.1,1
1,0.0019387739,0.0020076681,0.0022628664,0,0,0,0.1,1
1,0.0019496662,0.0020059558,0.0022609176,0,0,0,0.1,1
1,0.0019605585,0.0020042435,0.0022589688,0,0,0,0.1,1
1,0.0019714507,0.0020025312,0.0022570202,0,0,0,0.1,1
1,0.001982343,0.0020008189,0.0022550717,0,0,0,0.1,1
1,0.0019932352,0.0019991066,0.0022531233,0,0,0,0.1,1
1,0.0020041275,0.0019973943,0.0022511751,0,0,0,0.1,1
1,0.0020150197,0.001995682,0.002249227,0,0,0,0.1,1
1,0.0020259119,0.0019939697,0.002247279,0,0,0,0.1,1
1,0.0020368042,0.0019922574,0.0022453312,0,0,0,0.1,1
1,0.0020476964,0.0019905451,0.0022433835,0,0,0,0.1,1
1,0.0020585886,0.0019888328,0.0022414359,0,0,0,0.1,1
1,0.0020694808,0.0019871205,0.0022394884,0,0,0,0.1,1
1,0.0020803731,0.0019854082,0.0022375411,0,0,0,0.1,1
1,0.0020912653,0.001983696,0.0022355939,0,0,0,0.1,1
1,0.0021021575,0.0019819837,0.0022336468,0,0,0,0.1,1
1,0.0021130497,0.0019802714,0.0022316999,0,0,0,0.1,1
1,0.0021239419,0.0019785591,0.002229753,0,0,0,0.1,1
1,0.0021348341,0.0019768468,0.0022278064,0,0,0,0.1,1
1,0.0021457262,0.0019751345,0.0022258598,0,0,0,0.1,1
1,0.0021566184,0.0019734223,0.0022239134,0,0,0,0.1,1
1,0.0021675106,0.00197171,0.0022219671,0,0,0,0.1,1
1,0.0021784028,0.0019699977,0.0022200209,0,0,0,0.1,1
1,0.002189295,0.0019682854,0.0022180749,0,0,0,0.1,1
1,0.0022001871,0.0019665732,0.0022161289,0,0,0,0.1,1
1,0.0022110793,0.0019648609,0.0022141832,0,0,0,0.1,1
1,0.0022219714,0.0019631486,0.0022122375,0,0,0,0.1,1
1,0.0022328636,0.0019614364,0.002210292,0,0,0,0.1,1
1,0.0022437557,0.0019597241,0.0022083466,0,0,0,0.1,1
1,0.0022546479,0.0019580118,0.0022064013,0,0,0,0.1,1
1,0.00226554,0.0019562996,0.0022044562,0,0,0,0.1,1
1,0.0022764322,0.0019545873,0.0022025112,0,0,0,0.1,1
1,0.0022873243,0.001952875,0.0022005663,0,0,0,0.1,1
1,0.0022982164,0.0019511628,0.0021986215,0,0,0,0.1,1
1,0.0023091085,0.0019494505,0.0021966769,0,0,0,0.1,1
1,0.0023200007,0.0019477383,0.0021947324,0,0,0,0.1,1
1,0.0023308928,0.001946026,0.002192788,0,0,0,0.1,1
1,0.0023417849,0.0019443138,0.0021908438,0,0,0,0.1,1
1,0.002352677,0.0019426015,0.0021888997,0,0,0,0.1,1
1,0.0023635691,0.0019408892,0.0021869557,0,0,0,0.1,1
1,0.0023744612,0.001939177,0.0021850119,0,0,0,0.1,1
1,0.0023853533,0.0019374647,0.0021830681,0,0,0,0.1,1
1,0.0023962454,0.0019357525,0.0021811245,0,0,0,0.1,1
1,0.0024071374,0.0019340403,0.0021791811,0,0,0,0.1,1
1,0.0024180295,0.001932328,0.0021772377,0,0,0,0.1,1
1,0.0024289216,0.0019306158,0.0021752945,0,0,0,0.1,1
1,0.0024398137,0.0019289035,0.0021733515,0,0,0,0.1,1
1,0.0024507057,0.0019271913,0.0021714085,0,0,0,0.1,1
1,0.0024615978,0.001925479,0.0021694657,0,0,0,0.1,1
1,0.0024724898,0.0019237668,0.002167523,0,0,0,0.1,1
1,0.0024833819,0.0019220546,0.0021655804,0,0,0,0.1,1
1,0.0024942739,0.0019203423,0.002163638,0,0,0,0.1,1
1,0.002505166,0.0019186301,0.0021616957,0,0,0,0.1,1
1,0.002516058,0.0019169179,0.0021597535,0,0,0,0.1,1
1,0.0025269501,0.0019152056,0.0021578115,0,0,0,0.1,1
1,0.0025378421,0.0019134934,0.0021558696,0,0,0,0.1,1
1,0.0025487341,0.0019117812,0.0021539278,0,0,0,0.1,1
1,0.0025596261,0.0019100689,0.0021519861,0,0,0,0.1,1
1,0.0025705181,0.0019083567,0.0021500446,0,0,0,0.1,1
1,0.0025814102,0.0019066445,0.0021481032,0,0,0,0.1,1
1,0.0025923022,0.0019049323,0.0021461619,0,0,0,0.1,1
1,0.0026031942,0.00190322,0.0021442208,0,0,0,0.1,1
1,0.0026140862,0.0019015078,0.0021422797,0,0,0,0.1,1
1,0.0026249782,0.0018997956,0.0021403389,0,0,0,0.1,1
1,0.0026358702,0.0018980834,0.0021383981,0,0,0,0.1,1
1,0.0026467621,0.0018963712,0.0021364575,0,0,0,0.1,1
1,0.0026576541,0.0018946589,0.002134517,0,0,0,0.1,1
1,0.0026685461,0.0018929467,0.0021325766,0,0,0,0.1,1
1,0.0026794381,0.0018912345,0.0021306364,0,0,0,0.1,1
1,0.00269033,0.0018895223,0.0021286962,0,0,0,0.1,1
1,0.002701222,0.0018878101,0.0021267563,0,0,0,0.1,1
1,0.002712114,0.0018860979,0.0021248164,0,0,0,0.1,1
1,0.0027230059,0.0018843857,0.0021228767,0,0,0,0.1,1
1,0.0027338979,0.0018826735,0.0021209371,0,0,0,0.1,1
1,0.0027447898,0.0018809613,0.0021189976,0,0,0,0.1,1
1,0.0027556818,0.0018792491,0.0021170583,0,0,0,0.1,1
1,0.0027665737,0.0018775369,0.002115119,0,0,0,0.1,1
1,0.0027774656,0.0018758246,0.00211318,0,0,0,0.1,1
1,0.0027883576,0.0018741124,0.002111241,0,0,0,0.1,1
1,0.0027992495,0.0018724002,0.0021093022,0,0,0,0.1,1
1,0.0028101414,0.0018706881,0.0021073635,0,0,0,0.1,1
1,0.0028210333,0.0018689759,0.0021054249,0,0,0,0.1,1
1,0.0028319252,0.0018672637,0.0021034865,0,0,0,0.1,1
1,0.0028428171,0.0018655515,0.0021015482,0,0,0,0.1,1
1,0.002853709,0.0018638393,0.00209961,0,0,0,0.1,1
1,0.0028646009,0.0018621271,0.0020976719,0,0,0,0.1,1
1,0.0028754928,0.0018604149,0.002095734,0,0,0,0.1,1
1,0.0028863847,0.0018587027,0.0020937962,0,0,0,0.1,1
1,0.0028972766,0.0018569905,0.0020918586,0,0,0,0.1,1
1,0.0029081685,0.0018552783,0.002089921,0,0,0,0.1,1
1,0.0029190604,0.0018535661,0.0020879836,0,0,0,0.1,1
1,0.0029299522,0.001851854,0.0020860463,0,0,0,0.1,1
1,0.0029408441,0.0018501418,0.0020841092,0,0,0,0.1,1
1,0.002951736,0.0018484296,0.0020821722,0,0,0,0.1,1
1,0.0029626278,0.0018467174,0.0020802353,0,0,0,0.1,1
1,0.0029735197,0.0018450052,0.0020782985,0,0,0,0.1,1
1,0.0029844115,0.0018432931,0.0020763619,0,0,0,0.1,1
1,0.0029953034,0.0018415809,0.0020744254,0,0,0,0.1,1
1,0.0030061952,0.0018398687,0.002072489,0,0,0,0.1,1
1,0.0030170871,0.0018381565,0.0020705528,0,0,0,0.1,1
1,0.0030279789,0.0018364444,0.0020686166,0,0,0,0.1,1
1,0.0030388707,0.0018347322,0.0020666806,0,0,0,0.1,1
1,0.0030497626,0.00183302,0.0020647448,0,0,0,0.1,1
1,0.0030606544,0.0018313079,0.002062809,0,0,0,0.1,1
1,0.0030715462,0.0018295957,0.0020608734,0,0,0,0.1,1
1,0.003082438,0.0018278835,0.002058938,0,0,0,0.1,1
1,0.0030933298,0.0018261714,0.0020570026,0,0,0,0.1,1
1,0.0031042216,0.0018244592,0.0020550674,0,0,0,0.1,1
1,0.0031151134,0.0018227471,0.0020531323,0,0,0,0.1,1
1,0.0031260052,0.0018210349,0.0020511974,0,0,0,0.1,1
1,0.003136897,0.0018193227,0.0020492625,0,0,0,0.1,1
1,0.0031477888,0.0018176106,0.0020473278,0,0,0,0.1,1
1,0.0031586805,0.0018158984,0.0020453933,0,0,0,0.1,1
1,0.0031695723,0.0018141863,0.0020434588,0,0,0,0.1,1
1,0.0031804641,0.0018124741,0.0020415245,0,0,0,0.1,1
1,0.0031913559,0.001810762,0.0020395903,0,0,0,0.1,1
1,0.0032022476,0.0018090498,0.0020376563,0,0,0,0.1,1
1,0.0032131394,0.0018073377,0.0020357223,0,0,0,0.1,1
1,0.0032240311,0.0018056255,0.0020337885,0,0,0,0.1,1
1,0.0032349229,0.0018039134,0.0020318549,0,0,0,0.1,1
1,0.0032458146,0.0018022012,0.0020299213,0,0,0,0.1,1
1,0.0032567064,0.0018004891,0.0020279879,0,0,0,0.1,1
1,0.0032675981,0.0017987769,0.0020260546,0,0,0,0.1,1
1,0.0032784898,0.0017970648,0.0020241215,0,0,0,0.1,1
1,0.0032893816,0.0017953527,0.0020221884,0,0,0,0.1,1
1,0.0033002733,0.0017936405,0.0020202556,0,0,0,0.1,1
1,0.003311165,0.0017919284,0.0020183228,0,0,0,0.1,1
1,0.0033220567,0.0017902163,0.0020163901,0,0,0,0.1,1
1,0.0033329484,0.0017885041,0.0020144576,0,0,0,0.1,1
1,0.0033438401,0.001786792,0.0020125253,0,0,0,0.1,1
1,0.0033547318,0.0017850799,0.002010593,0,0,0,0.1,1
1,0.0033656235,0.0017833677,0.0020086609,0,0,0,0.1,1
1,0.0033765152,0.0017816556,0.0020067289,0,0,0,0.1,1
1,0.0033874069,0.0017799435,0.002004797,0,0,0,0.1,1
1,0.0033982986,0.0017782313,0.0020028653,0,0,0,0.1,1
1,0.0034091903,0.0017765192,0.0020009337,0,0,0,0.1,1
1,0.003420082,0.0017748071,0.0019990022,0,0,0,0.1,1
1,0.0034309736,0.001773095,0.0019970708,0,0,0,0.1,1
1,0.0034418653,0.0017713828,0.0019951396,0,0,0,0.1,1
1,0.003452757,0.0017696707,0.0019932085,0,0,0,0.1,1
1,0.0034636486,0.0017679586,0.0019912776,0,0,0,0.1,1
1,0.0034745403,0.0017662465,0.0019893467,0,0,0,0.1,1
1,0.0034854319,0.0017645344,0.001987416,0,0,0,0.1,1
1,0.0034963236,0.0017628223,0.0019854855,0,0,0,0.1,1
1,0.0035072152,0.0017611102,0.001983555,0,0,0,0.1,1
1,0.0035181068,0.001759398,0.0019816247,0,0,0,0.1,1
1,0.0035289985,0.0017576859,0.0019796945,0,0,0,0.1,1
1,0.0035398901,0.0017559738,0.0019777644,0,0,0,0.1,1
1,0.0035507817,0.0017542617,0.0019758345,0,0,0,0.1,1
1,0.0035616733,0.0017525496,0.0019739047,0,0,0,0.1,1
1,0.0035725649,0.0017508375,0.001971975,0,0,0,0.1,1
1,0.0035834566,0.0017491254,0.0019700455,0,0,0,0.1,1
1,0.0035943482,0.0017474133,0.0019681161,0,0,0,0.1,1
1,0.0036052398,0.0017457012,0.0019661868,0,0,0,0.1,1
1,0.0036161314,0.0017439891,0.0019642576,0,0,0,0.1,1
1,0.0036270229,0.001742277,0.0019623286,0,0,0,0.1,1
1,0.0036379145,0.0017405649,0.0019603997,0,0,0,0.1,1
1,0.0036488061,0.0017388528,0.0019584709,0,0,0,0.1,1
1,0.0036596977,0.0017371407,0.0019565423,0,0,0,0.1,1
1,0.0036705893,0.0017354286,0.0019546138,0,0,0,0.1,1
1,0.0036814808,0.0017337165,0.0019526854,0,0,0,0.1,1
1,0.0036923724,0.0017320044,0.0019507571,0,0,0,0.1,1
1,0.003703264,0.0017302923,0.001948829,0,0,0,0.1,1
1,0.0037141555,0.0017285803,0.001946901,0,0,0,0.1,1
1,0.0037250471,0.0017268682,0.0019449731,0,0,0,0.1,1
1,0.0037359386,0.0017251561,0.0019430454,0,0,0,0.1,1
1,0.0037468302,0.001723444,0.0019411178,0,0,0,0.1,1
1,0.0037577217,0.0017217319,0.0019391903,0,0,0,0.1,1
1,0.0037686132,0.0017200198,0.0019372629,0,0,0,0.1,1
1,0.0037795048,0.0017183078,0.0019353357,0,0,0,0.1,1
1,0.0037903963,0.0017165957,0.0019334086,0,0,0,0.1,1
1,0.0038012878,0.0017148836,0.0019314816,0,0,0,0.1,1
1,0.0038121793,0.0017131715,0.0019295548,0,0,0,0.1,1
1,0.0038230709,0.0017114595,0.0019276281,0,0,0,0.1,1
1,0.0038339624,0.0017097474,0.0019257015,0,0,0,0.1,1
1,0.0038448539,0.0017080353,0.001923775,0,0,0,0.1,1
1,0.0038557454,0.0017063232,0.0019218487,0,0,0,0.1,1
1,0.0038666369,0.0017046112,0.0019199225,0,0,0,0.1,1
1,0.0038775283,0.0017028991,0.0019179965,0,0,0,0.1,1
1,0.0038884198,0.001701187,0.0019160705,0,0,0,0.1,1
1,0.0038993113,0.001699475,0.0019141447,0,0,0,0.1,1
1,0.0039102028,0.0016977629,0.001912219,0,0,0,0.1,1
1,0.0039210943,0.0016960508,0.0019102935,0,0,0,0.1,1
1,0.0039319857,0.0016943388,0.0019083681,0,0,0,0.1,1
1,0.0039428772,0.0016926267,0.0019064428,0,0,0,0.1,1
1,0.0039537687,0.0016909147,0.0019045176,0,0,0,0.1,1
1,0.0039646601,0.0016892026,0.0019025926,0,0,0,0.1,1
1,0.0039755516,0.0016874905,0.0019006677,0,0,0,0.1,1
1,0.003986443,0.0016857785,0.0018987429,0,0,0,0.1,1
1,0.0039973345,0.0016840664,0.0018968182,0,0,0,0.1,1
1,0.0040082259,0.0016823544,0.0018948937,0,0,0,0.1,1
1,0.0040191173,0.0016806423,0.0018929693,0,0,0,0.1,1
1,0.0040300088,0.0016789303,0.0018910451,0,0,0,0.1,1
1,0.0040409002,0.0016772182,0.0018891209,0,0,0,0.1,1
1,0.0040517916,0.0016755062,0.0018871969,0,0,0,0.1,1
1,0.004062683,0.0016737941,0.0018852731,0,0,0,0.1,1
1,0.0040735744,0.0016720821,0.0018833493,0,0,0,0.1,1
1,0.0040844658,0.0016703701,0.0018814257,0,0,0,0.1,1
1,0.0040953572,0.001668658,0.0018795022,0,0,0,0.1,1
1,0.0041062486,0.001666946,0.0018775788,0,0,0,0.1,1
1,0.00411714,0.0016652339,0.0018756556,0,0,0,0.1,1
1,0.0041280314,0.0016635219,0.0018737325,0,0,0,0.1,1
1,0.0041389228,0.0016618099,0.0018718095,0,0,0,0.1,1
1,0.0041498142,0.0016600978,0.0018698867,0,0,0,0.1,1
1,0.0041607056,0.0016583858,0.001867964,0,0,0,0.1,1
1,0.0041715969,0.0016566738,0.0018660414,0,0,0,0.1,1
1,0.0041824883,0.0016549617,0.0018641189,0,0,0,0.1,1
1,0.0041933797,0.0016532497,0.0018621966,0,0,0,0.1,1
1,0.004204271,0.0016515377,0.0018602744,0,0,0,0.1,1
1,0.0042151624,0.0016498257,0.0018583523,0,0,0,0.1,1
1,0.0042260537,0.0016481136,0.0018564304,0,0,0,0.1,1
1,0.0042369451,0.0016464016,0.0018545086,0,0,0,0.1,1
1,0.0042478364,0.0016446896,0.0018525869,0,0,0,0.1,1
1,0.0042587278,0.0016429776,0.0018506653,0,0,0,0.1,1
1,0.0042696191,0.0016412655,0.0018487439,0,0,0,0.1,1
1,0.0042805104,0.0016395535,0.0018468226,0,0,0,0.1,1
1,0.0042914018,0.0016378415,0.0018449014,0,0,0,0.1,1
1,0.0043022931,0.0016361295,0.0018429804,0,0,0,0.1,1
1,0.0043131844,0.0016344175,0.0018410595,0,0,0,0.1,1
1,0.0043240757,0.0016327055,0.0018391387,0,0,0,0.1,1
1,0.004334967,0.0016309934,0.0018372181,0,0,0,0.1,1
1,0.0043458583,0.0016292814,0.0018352975,0,0,0,0.1,1
1,0.0043567496,0.0016275694,0.0018333771,0,0,0,0.1,1
1,0.0043676409,0.0016258574,0.0018314569,0,0,0,0.1,1
1,0.0043785322,0.0016241454,0.0018295367,0,0,0,0.1,1
1,0.0043894235,0.0016224334,0.0018276167,0,0,0,0.1,1
1,0.0044003148,0.0016207214,0.0018256969,0,0,0,0.1,1
1,0.004411206,0.0016190094,0.0018237771,0,0,0,0.1,1
1,0.0044220973,0.0016172974,0.0018218575,0,0,0,0.1,1
1,0.0044329886,0.0016155854,0.001819938,0,0,0,0.1,1
1,0.0044438798,0.0016138734,0.0018180186,0,0,0,0.1,1
1,0.0044547711,0.0016121614,0.0018160994,0,0,0,0.1,1
1,0.0044656624,0.0016104494,0.0018141803,0,0,0,0.1,1
1,0.0044765536,0.0016087374,0.0018122613,0,0,0,0.1,1
1,0.0044874448,0.0016070254,0.0018103425,0,0,0,0.1,1
1,0.0044983361,0.0016053134,0.0018084237,0,0,0,0.1,1
1,0.0045092273,0.0016036014,0.0018065051,0,0,0,0.1,1
1,0.0045201186,0.0016018894,0.0018045867,0,0,0,0.1,1
1,0.0045310098,0.0016001775,0.0018026683,0,0,0,0.1,1
1,0.004541901,0.0015984655,0.0018007501,0,0,0,0.1,1
1,-0.12384033,0.0016742263,0.0022096756,0,0,0,0.1,1
1,-0.1134641,0.0016702956,0.0021852114,0,0,0,0.1,1
1,-0.10308831,0.001666384,0.0021608588,0,0,0,0.1,1
1,-0.092712952,0.0016624915,0.0021366178,0,0,0,0.1,1
1,-0.082338028,0.0016586181,0.0021124884,0,0,0,0.1,1
1,-0.071963538,0.0016547638,0.0020884706,0,0,0,0.1,1
1,-0.061589482,0.0016509286,0.0020645644,0,0,0,0.1,1
1,-0.051215862,0.0016471125,0.0020407698,0,0,0,0.1,1
1,-0.040842675,0.0016433155,0.0020170868,0,0,0,0.1,1
1,-0.030469923,0.0016395377,0.0019935154,0,0,0,0.1,1
1,-0.020097606,0.0016357789,0.0019700556,0,0,0,0.1,1
1,-0.0097257229,0.0016320392,0.0019467075,0,0,0,0.1,1
1,0.00064572545,0.0016283187,0.0019234709,0,0,0,0.1,1
1,0.011016739,0.0016246172,0.0019003459,0,0,0,0.1,1
1,0.021387319,0.0016209349,0.0018773325,0,0,0,0.1,1
1,0.031757464,0.0016172716,0.0018544307,0,0,0,0.1,1
1,0.042127174,0.0016136275,0.0018316405,0,0,0,0.1,1
1,0.05249645,0.0016100025,0.001808962,0,0,0,0.1,1
1,0.062865291,0.0016063966,0.001786395,0,0,0,0.1,1
1,0.073233698,0.0016028097,0.0017639396,0,0,0,0.1,1
1,0.08360167,0.001599242,0.0017415958,0,0,0,0.1,1
1,0.093969208,0.0015956934,0.0017193637,0,0,0,0.1,1
1,0.10433631,0.0015921639,0.0016972431,0,0,0,0.1,1
1,0.11470298,0.0015886535,0.0016752341,0,0,0,0.1,1
1,0.12506921,0.0015851623,0.0016533367,0,0,0,0.1,1
1,0.13543501,0.0015816901,0.001631551,0,0,0,0.1,1
1,0.14580038,0.001578237,0.0016098768,0,0,0,0.1,1
1,0.15616531,0.001574803,0.0015883142,0,0,0,0.1,1
1,0.16652981,0.0015713882,0.0015668633,0,0,0,0.1,1
1,0.17689387,0.0015679924,0.0015455239,0,0,0,0.1,1
1,0.1872575,0.0015646158,0.0015242962,0,0,0,0.1,1
1,0.19762069,0.0015612582,0.00150318,0,0,0,0.1,1
1,0.20798345,0.0015579198,0.0014821754,0,0,0,0.1,1
1,0.21834577,0.0015546005,0.0014612825,0,0,0,0.1,1
1,0.22870766,0.0015513002,0.0014405011,0,0,0,0.1,1
1,0.23906911,0.0015480191,0.0014198314,0,0,0,0.1,1
1,0.24943013,0.0015447571,0.0013992732,0,0,0,0.1,1
1,0.25979072,0.0015415142,0.0013788267,0,0,0,0.1,1
1,0.27015087,0.0015382904,0.0013584917,0,0,0,0.1,1
1,0.28051059,0.0015350857,0.0013382684,0,0,0,0.1,1
1,0.29086987,0.0015319001,0.0013181566,0,0,0,0.1,1
1,0.30122872,0.0015287336,0.0012981565,0,0,0,0.1,1
1,0.31158713,0.0015255862,0.0012782679,0,0,0,0.1,1
1,0.32194511,0.001522458,0.001258491,0,0,0,0.1,1
1,0.33230265,0.0015193488,0.0012388256,0,0,0,0.1,1
1,0.34265976,0.0015162587,0.0012192719,0,0,0,0.1,1
1,0.35301644,0.0015131878,0.0011998298,0,0,0,0.1,1
1,0.36337268,0.0015101359,0.0011804992,0,0,0,0.1,1
1,0.30588071,0.0015218814,0.0013334146,0,0,0,0.1,1
1,0.31038191,0.0015195054,0.0013241779,0,0,0,0.1,1
1,0.3148839,0.0015171443,0.0013149795,0,0,0,0.1,1
1,0.31938669,0.0015147983,0.0013058193,0,0,0,0.1,1
1,0.32389028,0.0015124672,0.0012966973,0,0,0,0.1,1
1,0.32839468,0.001510151,0.0012876136,0,0,0,0.1,1
1,0.33289987,0.0015078498,0.0012785681,0,0,0,0.1,1
1,0.33740586,0.0015055637,0.0012695609,0,0,0,0.1,1
1,0.34191265,0.0015032924,0.0012605919,0,0,0,0.1,1
1,0.34642024,0.0015010362,0.0012516612,0,0,0,0.1,1
1,0.35092863,0.0014987949,0.0012427687,0,0,0,0.1,1
1,0.35543782,0.0014965686,0.0012339144,0,0,0,0.1,1
1,0.35994781,0.0014943573,0.0012250984,0,0,0,0.1,1
1,0.3644586,0.0014921609,0.0012163207,0,0,0,0.1,1
1,0.36897019,0.0014899795,0.0012075812,0,0,0,0.1,1
1,0.37348258,0.0014878131,0.00119888,0,0,0,0.1,1
1,0.37799577,0.0014856617,0.001190217,0,0,0,0.1,1
1,0.38250976,0.0014835252,0.0011815922,0,0,0,0.1,1
1,0.38702455,0.0014814037,0.0011730057,0,0,0,0.1,1
1,0.39154014,0.0014792972,0.0011644574,0,0,0,0.1,1
1,0.39605653,0.0014772057,0.0011559474,0,0,0,0.1,1
1,0.40057372,0.0014751291,0.0011474757,0,0,0,0.1,1
1,0.40509171,0.0014730675,0.0011390421,0,0,0,0.1,1
1,0.4096105,0.0014710209,0.0011306469,0,0,0,0.1,1
1,0.41413008,0.0014689892,0.0011222898,0,0,0,0.1,1
1,0.41865047,0.0014669726,0.0011139711,0,0,0,0.1,1
1,0.42317166,0.0014649708,0.0011056905,0,0,0,0.1,1
1,0.42769365,0.0014629841,0.0010974483,0,0,0,0.1,1
1,0.43221643,0.0014610124,0.0010892442,0,0,0,0.1,1
1,0.43674002,0.0014590556,0.0010810784,0,0,0,0.1,1
1,0.44126441,0.0014571137,0.0010729509,0,0,0,0.1,1
1,0.44578959,0.0014551869,0.0010648616,0,0,0,0.1,1
1,0.45031558,0.001453275,0.0010568105,0,0,0,0.1,1
1,0.45484237,0.0014513781,0.0010487978,0,0,0,0.1,1
1,0.45936995,0.0014494962,0.0010408232,0,0,0,0.1,1
1,0.46389834,0.0014476293,0.0010328869,0,0,0,0.1,1
1,0.46842752,0.0014457773,0.0010249888,0,0,0,0.1,1
1,0.47295751,0.0014439403,0.001017129,0,0,0,0.1,1
1,0.47748829,0.0014421182,0.0010093075,0,0,0,0.1,1
1,0.48201988,0.0014403112,0.0010015241,0,0,0,0.1,1
1,0.48655226,0.0014385191,0.00099377907,0,0,0,0.1,1
1,0.49108545,0.001436742,0.00098607225,0,0,0,0.1,1
1,0.49561943,0.0014349798,0.00097840368,0,0,0,0.1,1
1,0.50015422,0.0014332327,0.00097077335,0,0,0,0.1,1
1,0.5046898,0.0014315005,0.00096318127,0,0,0,0.1,1
1,1.222863,0.0013653878,-0.00038106743,0,0,0,0.1,1
1,1.203515,0.0013674158,-0.00034052852,0,0,0,0.1,1
1,1.1841634,0.0013693468,-0.00030013716,0,0,0,0.1,1
1,1.1648081,0.001371181,-0.00025989334,0,0,0,0.1,1
1,1.1454492,0.0013729182,-0.00021979705,0,0,0,0.1,1
1,1.1260867,0.0013745585,-0.00017984831,0,0,0,0.1,1
1,1.1067205,0.0013761019,-0.00014004711,0,0,0,0.1,1
1,1.0873507,0.0013775484,-0.00010039345,0,0,0,0.1,1
1,1.0679772,0.0013788979,-6.0887323e-05,0,0,0,0.1,1
1,1.0486,0.0013801506,-2.1528742e-05,0,0,0,0.1,1
1,1.0292192,0.0013813063,1.7682299e-05,0,0,0,0.1,1
1,1.0098348,0.0013823652,5.67458e-05,0,0,0,0.1,1
1,0.99044674,0.0013833271,9.5661761e-05,0,0,0,0.1,1
1,0.97105501,0.0013841921,0.00013443018,0,0,0,0.1,1
1,0.95165964,0.0013849602,0.00017305106,0,0,0,0.1,1
1,0.93226062,0.0013856314,0.0002115244,0,0,0,0.1,1
1,0.91285796,0.0013862056,0.0002498502,0,0,0,0.1,1
1,0.89345164,0.001386683,0.00028802846,0,0,0,0.1,1
1,0.87404168,0.0013870634,0.00032605918,0,0,0,0.1,1
1,0.85462808,0.0013873469,0.00036394235,0,0,0,0.1,1
1,0.83521082,0.0013875336,0.00040167799,0,0,0,0.1,1
1,0.81578992,0.0013876233,0.00043926609,0,0,0,0.1,1
1,0.79636537,0.001387616,0.00047670665,0,0,0,0.1,1
1,0.77693718,0.0013875119,0.00051399966,0,0,0,0.1,1
1,0.75750533,0.0013873109,0.00055114514,0,0,0,0.1,1
1,0.73806984,0.0013870129,0.00058814308,0,0,0,0.1,1
1,0.71863071,0.0013866181,0.00062499347,0,0,0,0.1,1
1,0.69918792,0.0013861263,0.00066169633,0,0,0,0.1,1
1,0.67974149,0.0013855376,0.00069825164,0,0,0,0.1,1
1,0.66029142,0.001384852,0.00073465942,0,0,0,0.1,1
1,0.64083769,0.0013840695,0.00077091965,0,0,0,0.1,1
1,0.62138032,0.0013831901,0.00080703235,0,0,0,0.1,1
1,0.6019193,0.0013822137,0.0008429975,0,0,0,0.1,1
1,0.58245463,0.0013811405,0.00087881511,0,0,0,0.1,1
1,0.56298632,0.0013799703,0.00091448519,0,0,0,0.1,1
1,0.54351436,0.0013787032,0.00095000772,0,0,0,0.1,1
1,0.52403876,0.0013773392,0.00098538271,0,0,0,0.1,1
1,0.5045595,0.0013758783,0.0010206102,0,0,0,0.1,1
1,0.4850766,0.0013743205,0.0010556901,0,0,0,0.1,1
1,0.46559005,0.0013726658,0.0010906224,0,0,0,0.1,1
1,0.44609986,0.0013709141,0.0011254073,0,0,0,0.1,1
1,0.42660602,0.0013690656,0.0011600446,0,0,0,0.1,1
1,0.40710853,0.0013671201,0.0011945343,0,0,0,0.1,1
1,0.38760739,0.0013650777,0.0012288765,0,0,0,0.1,1
1,0.36810261,0.0013629384,0.0012630712,0,0,0,0.1,1
1,0.34859418,0.0013607022,0.0012971183,0,0,0,0.1,1
1,0.3290821,0.0013583691,0.0013310179,0,0,0,0.1,1
1,0.30956637,0.0013559391,0.00136477,0,0,0,0.1,1
1,0.290047,0.0013534121,0.0013983745,0,0,0,0.1,1
1,0.27052399,0.0013507883,0.0014318314,0,0,0,0.1,1
1,0.25099732,0.0013480675,0.0014651409,0,0,0,0.1,1
1,0.23146701,0.0013452498,0.0014983028,0,0,0,0.1,1
1,0.21193305,0.0013423352,0.0015313171,0,0,0,0.1,1
1,0.29802116,0.0013630816,0.0014843871,0,0,0,0.1,1
1,0.28400497,0.0013606345,0.0015102098,0,0,0,0.1,1
1,0.2699886,0.0013581983,0.0015358747,0,0,0,0.1,1
1,0.25597207,0.0013557728,0.0015613816,0,0,0,0.1,1
1,0.24195538,0.0013533581,0.0015867306,0,0,0,0.1,1
1,0.22793851,0.0013509543,0.0016119218,0,0,0,0.1,1
1,0.21392148,0.0013485612,0.001636955,0,0,0,0.1,1
1,0.19990429,0.0013461789,0.0016618303,0,0,0,0.1,1
1,0.18588692,0.0013438075,0.0016865478,0,0,0,0.1,1
1,0.17186939,0.0013414468,0.0017111073,0,0,0,0.1,1
1,0.15785169,0.0013390969,0.001735509,0,0,0,0.1,1
1,0.14383383,0.0013367578,0.0017597527,0,0,0,0.1,1
1,0.12981579,0.0013344295,0.0017838385,0,0,0,0.1,1
1,0.11579759,0.0013321121,0.0018077664,0,0,0,0.1,1
1,0.10177923,0.0013298054,0.0018315365,0,0,0,0.1,1
1,0.087760692,0.0013275095,0.0018551486,0,0,0,0.1,1
1,0.073741991,0.0013252244,0.0018786028,0,0,0,0.1,1
1,0.059723123,0.0013229501,0.0019018992,0,0,0,0.1,1
1,0.045704088,0.0013206866,0.0019250376,0,0,0,0.1,1
1,0.031684885,0.0013184339,0.0019480181,0,0,0,0.1,1
1,0.017665516,0.001316192,0.0019708407,0,0,0,0.1,1
1,0.0036459799,0.0013139608,0.0019935055,0,0,0,0.1,1
1,-0.010373724,0.0013117405,0.0020160123,0,0,0,0.1,1
1,-0.024393594,0.001309531,0.0020383612,0,0,0,0.1,1
1,-0.038413631,0.0013073323,0.0020605522,0,0,0,0.1,1
1,-0.052433836,0.0013051444,0.0020825854,0,0,0,0.1,1
1,-0.066454208,0.0013029672,0.0021044606,0,0,0,0.1,1
1,-0.080474746,0.0013008009,0.0021261779,0,0,0,0.1,1
1,-0.094495452,0.0012986454,0.0021477373,0,0,0,0.1,1
1,-0.10851632,0.0012965006,0.0021691388,0,0,0,0.1,1
1,-0.12253736,0.0012943667,0.0021903824,0,0,0,0.1,1
1,-0.13655857,0.0012922435,0.0022114682,0,0,0,0.1,1
1,-0.15057995,0.0012901312,0.002232396,0,0,0,0.1,1
1,-0.16460149,0.0012880297,0.0022531659,0,0,0,0.1,1
1,-0.17862319,0.0012859389,0.0022737779,0,0,0,0.1,1
1,-0.19264507,0.0012838589,0.002294232,0,0,0,0.1,1
1,-0.20666711,0.0012817898,0.0023145282,0,0,0,0.1,1
1,-0.22068932,0.0012797314,0.0023346665,0,0,0,0.1,1
1,-0.2347117,0.0012776839,0.0023546469,0,0,0,0.1,1
1,-0.24873424,0.0012756471,0.0023744694,0,0,0,0.1,1
1,-0.26275695,0.0012736211,0.002394134,0,0,0,0.1,1
1,-0.27677983,0.0012716059,0.0024136407,0,0,0,0.1,1
1,-0.29080287,0.0012696016,0.0024329895,0,0,0,0.1,1
1,-0.30482608,0.001267608,0.0024521804,0,0,0,0.1,1
1,-0.31884946,0.0012656252,0.0024712134,0,0,0,0.1,1
1,-0.33287301,0.0012636532,0.0024900885,0,0,0,0.1,1
1,-0.34689672,0.001261692,0.0025088057,0,0,0,0.1,1
1,-0.3609206,0.0012597416,0.002527365,0,0,0,0.1,1
1,-0.37494465,0.001257802,0.0025457664,0,0,0,0.1,1
1,-0.38896886,0.0012558732,0.0025640099,0,0,0,0.1,1
1,-0.40299324,0.0012539552,0.0025820955,0,0,0,0.1,1
1,-0.41701779,0.001252048,0.0026000232,0,0,0,0.1,1
1,-0.43104251,0.0012501516,0.002617793,0,0,0,0.1,1
1,-0.44506739,0.001248266,0.0026354049,0,0,0,0.1,1
1,-0.45909244,0.0012463912,0.0026528589,0,0,0,0.1,1
1,-0.47311765,0.0012445272,0.002670155,0,0,0,0.1,1
1,-0.48714304,0.0012426739,0.0026872932,0,0,0,0.1,1
1,-0.50116859,0.0012408315,0.0027042735,0,0,0,0.1,1
1,-1.5160735,0.0012972527,0.0041621215,0,0,0,0.1,1
1,-1.5432381,0.0012868957,0.0041706109,0,0,0,0.1,1
1,-1.5704744,0.001276848,0.0041790953,0,0,0,0.1,1
1,-1.5977823,0.0012671098,0.0041875746,0,0,0,0.1,1
1,-1.6251618,0.0012576809,0.0041960489,0,0,0,0.1,1
1,-1.6526129,0.0012485613,0.0042045182,0,0,0,0.1,1
1,-1.6801357,0.0012397511,0.0042129824,0,0,0,0.1,1
1,-1.70773,0.0012312503,0.0042214415,0,0,0,0.1,1
1,-1.735396,0.0012230588,0.0042298957,0,0,0,0.1,1
1,-1.7631336,0.0012151767,0.0042383448,0,0,0,0.1,1
1,-1.7909428,0.001207604,0.0042467888,0,0,0,0.1,1
1,-1.8188236,0.0012003406,0.0042552278,0,0,0,0.1,1
1,-1.8467761,0.0011933866,0.0042636618,0,0,0,0.1,1
1,-1.8748001,0.0011867419,0.0042720907,0,0,0,0.1,1
1,-1.9028958,0.0011804066,0.0042805146,0,0,0,0.1,1
1,-1.9310631,0.0011743806,0.0042889334,0,0,0,0.1,1
1,-1.959302,0.001168664,0.0042973473,0,0,0,0.1,1
1,-1.9876126,0.0011632568,0.004305756,0,0,0,0.1,1
1,-2.0159947,0.0011581589,0.0043141597,0,0,0,0.1,1
1,-2.0444485,0.0011533704,0.0043225584,0,0,0,0.1,1
1,-2.0729739,0.0011488912,0.0043309521,0,0,0,0.1,1
1,-2.1015709,0.0011447214,0.0043393407,0,0,0,0.1,1
1,-2.1302395,0.001140861,0.0043477242,0,0,0,0.1,1
1,-2.1589797,0.0011373099,0.0043561027,0,0,0,0.1,1
1,-2.1877916,0.0011340682,0.0043644762,0,0,0,0.1,1
1,-2.2166751,0.0011311359,0.0043728446,0,0,0,0.1,1
1,-2.2456302,0.0011285129,0.004381208,0,0,0,0.1,1
1,-2.2746569,0.0011261992,0.0043895664,0,0,0,0.1,1
1,-2.3037552,0.0011241949,0.0043979197,0,0,0,0.1,1
1,-2.290426,0.0011998886,0.0038918093,0,0,0,0.1,1
1,-2.303621,0.0011936,0.0038770947,0,0,0,0.1,1
1,-2.316903,0.0011874973,0.003862623,0,0,0,0.1,1
1,-2.3302721,0.0011815802,0.003848394,0,0,0,0.1,1
1,-2.3437283,0.001175849,0.0038344079,0,0,0,0.1,1
1,-2.3572715,0.0011703036,0.0038206646,0,0,0,0.1,1
1,-2.3709018,0.0011649439,0.0038071641,0,0,0,0.1,1
1,-2.3846192,0.00115977,0.0037939064,0,0,0,0.1,1
1,-2.3984237,0.0011547818,0.0037808916,0,0,0,0.1,1
1,-2.4123152,0.0011499795,0.0037681195,0,0,0,0.1,1
1,-2.4262937,0.0011453629,0.0037555903,0,0,0,0.1,1
1,-2.4403594,0.0011409321,0.0037433039,0,0,0,0.1,1
1,-2.4545121,0.0011366871,0.0037312603,0,0,0,0.1,1
1,-2.4687518,0.0011326279,0.0037194596,0,0,0,0.1,1
1,-2.4830786,0.0011287544,0.0037079016,0,0,0,0.1,1
1,-2.4974925,0.0011250667,0.0036965865,0,0,0,0.1,1
1,-2.5119935,0.0011215648,0.0036855142,0,0,0,0.1,1
1,-2.3743392,0.001163875,0.0032626277,0,0,0,0.1,1
1,-2.3389576,0.0011627398,0.0032123451,0,0,0,0.1,1
1,-2.3036256,0.0011612603,0.0031624119,0,0,0,0.1,1
1,-2.268343,0.0011594364,0.0031128281,0,0,0,0.1,1
1,-2.2331099,0.0011572682,0.0030635936,0,0,0,0.1,1
1,-2.1979264,0.0011547556,0.0030147085,0,0,0,0.1,1
1,-2.1627923,0.0011518987,0.0029661727,0,0,0,0.1,1
1,-2.1277077,0.0011486974,0.0029179864,0,0,0,0.1,1
1,-2.0926726,0.0011451518,0.0028701494,0,0,0,0.1,1
1,-2.057687,0.0011412619,0.0028226617,0,0,0,0.1,1
1,-2.022751,0.0011370275,0.0027755235,0,0,0,0.1,1
1,-1.9878644,0.0011324489,0.0027287346,0,0,0,0.1,1
1,-1.9530273,0.0011275258,0.0026822951,0,0,0,0.1,1
1,-1.9182397,0.0011222585,0.002636205,0,0,0,0.1,1
1,-1.8835016,0.0011166467,0.0025904642,0,0,0,0.1,1
1,-1.848813,0.0011106907,0.0025450728,0,0,0,0.1,1
1,-1.8141739,0.0011043903,0.0025000308,0,0,0,0.1,1
1,-1.6987838,0.0010591941,0.0022176135,0,0,0,0.1,1
1,-1.6647009,0.0010622436,0.0021862414,0,0,0,0.1,1
1,-1.6306109,0.0010651615,0.0021550085,0,0,0,0.1,1
1,-1.596514,0.0010679478,0.0021239147,0,0,0,0.1,1
1,-1.56241,0.0010706025,0.00209296,0,0,0,0.1,1
1,-1.5282991,0.0010731256,0.0020621446,0,0,0,0.1,1
1,-1.4941811,0.0010755171,0.0020314682,0,0,0,0.1,1
1,-1.460056,0.001077777,0.0020009311,0,0,0,0.1,1
1,-1.425924,0.0010799052,0.001970533,0,0,0,0.1,1
1,-1.391785,0.0010819019,0.0019402742,0,0,0,0.1,1
1,-1.3576389,0.0010837669,0.0019101544,0,0,0,0.1,1
1,-1.3234858,0.0010855004,0.0018801739,0,0,0,0.1,1
1,-1.2893257,0.0010871022,0.0018503324,0,0,0,0.1,1
1,-1.2551586,0.0010885724,0.0018206302,0,0,0,0.1,1
1,-1.2209844,0.0010899111,0.001791067,0,0,0,0.1,1
1,-1.1868033,0.0010911181,0.0017616431,0,0,0,0.1,1
1,-1.1526151,0.0010921935,0.0017323583,0,0,0,0.1,1
1,-1.1184199,0.0010931373,0.0017032126,0,0,0,0.1,1
1,-1.0842177,0.0010939494,0.0016742061,0,0,0,0.1,1
1,-1.0500085,0.00109463,0.0016453387,0,0,0,0.1,1
1,-1.0157922,0.001095179,0.0016166105,0,0,0,0.1,1
1,-0.98156896,0.0010955964,0.0015880215,0,0,0,0.1,1
1,-0.94733868,0.0010958821,0.0015595716,0,0,0,0.1,1
1,-0.91310138,0.0010960363,0.0015312608,0,0,0,0.1,1
1,-0.87885706,0.0010960588,0.0015030892,0,0,0,0.1,1
1,-0.84460573,0.0010959497,0.0014750567,0,0,0,0.1,1
1,-0.81034737,0.0010957091,0.0014471634,0,0,0,0.1,1
1,-0.776082,0.0010953368,0.0014194093,0,0,0,0.1,1
1,-0.74180962,0.0010948329,0.0013917943,0,0,0,0.1,1
1,-0.70753021,0.0010941974,0.0013643185,0,0,0,0.1,1
1,-0.67324379,0.0010934303,0.0013369818,0,0,0,0.1,1
1,-0.63895035,0.0010925316,0.0013097842,0,0,0,0.1,1
1,-0.60464989,0.0010915012,0.0012827258,0,0,0,0.1,1
1,-0.57034241,0.0010903393,0.0012558066,0,0,0,0.1,1
1,-0.53602792,0.0010890458,0.0012290265,0,0,0,0.1,1
1,-0.50170641,0.0010876206,0.0012023856,0,0,0,0.1,1
1,-0.46737788,0.0010860639,0.0011758838,0,0,0,0.1,1
1,-0.43304233,0.0010843755,0.0011495211,0,0,0,0.1,1
1,-0.39869977,0.0010825555,0.0011232977,0,0,0,0.1,1
1,-0.36435019,0.001080604,0.0010972133,0,0,0,0.1,1
1,-0.32999359,0.0010785208,0.0010712681,0,0,0,0.1,1
1,-0.29562997,0.001076306,0.0010454621,0,0,0,0.1,1
1,-0.26125934,0.0010739596,0.0010197952,0,0,0,0.1,1
1,-0.22688169,0.0010714816,0.00099426752,0,0,0,0.1,1
1,-0.19249702,0.001068872,0.00096887894,0,0,0,0.1,1
1,-0.15810533,0.0010661307,0.00094362952,0,0,0,0.1,1
1,-0.12370662,0.0010632579,0.00091851925,0,0,0,0.1,1
1,-0.089300899,0.0010602535,0.00089354813,0,0,0,0.1,1
1,-0.054888158,0.0010571174,0.00086871617,0,0,0,0.1,1
1,-0.0204684,0.0010538498,0.00084402335,0,0,0,0.1,1
1,0.013958377,0.0010504505,0.00081946969,0,0,0,0.1,1
1,0.04839217,0.0010469196,0.00079505517,0,0,0,0.1,1
1,0.082832982,0.0010432572,0.00077077981,0,0,0,0.1,1
1,0.11728081,0.0010394631,0.0007466436,0,0,0,0.1,1
1,0.22417202,0.0011605852,0.00078938856,0,0,0,0.1,1
1,0.33970948,0.0011431739,0.00070069758,0,0,0,0.1,1
1,0.45533795,0.0011265056,0.00061255075,0,0,0,0.1,1
1,0.57105743,0.0011105803,0.0005249481,0,0,0,0.1,1
1,0.68686792,0.0010953981,0.0004378896,0,0,0,0.1,1
1,0.80276941,0.0010809588,0.00035137527,0,0,0,0.1,1
1,0.91876191,0.0010672625,0.0002654051,0,0,0,0.1,1
1,1.0348454,0.0010543093,0.0001799791,0,0,0,0.1,1
1,1.1510199,0.001042099,9.5097255e-05,0,0,0,0.1,1
1,1.2672855,0.0010306318,1.0759577e-05,0,0,0,0.1,1
1,1.383642,0.0010199076,-7.3033937e-05,0,0,0,0.1,1
1,1.5000895,0.0010099264,-0.00015628329,0,0,0,0.1,1
1,1.6166281,0.0010006881,-0.00023898848,0,0,0,0.1,1
1,1.7332577,0.00099219294,-0.0003211495,0,0,0,0.1,1
1,1.8499782,0.00098444075,-0.00040276636,0,0,0,0.1,1
1,1.9667898,0.00097743156,-0.00048383906,0,0,0,0.1,1
1,2.0836924,0.00097116537,-0.00056436759,0,0,0,0.1,1
1,2.200686,0.0009656422,-0.00064435196,0,0,0,0.1,1
1,2.3177706,0.00096086203,-0.00072379217,0,0,0,0.1,1
1,2.4349462,0.00095682487,-0.00080268821,0,0,0,0.1,1
1,2.5522128,0.00095353072,-0.00088104009,0,0,0,0.1,1
1,2.6695704,0.00095097958,-0.00095884781,0,0,0,0.1,1
1,1.6896119,0.0011245518,-0.00016468048,0,0,0,0.1,1
1,1.7508931,0.0011068725,-0.00022307042,0,0,0,0.1,1
1,1.8123757,0.0010898326,-0.00028136252,0,0,0,0.1,1
1,1.8740598,0.0010734322,-0.00033955678,0,0,0,0.1,1
1,1.9359452,0.0010576713,-0.0003976532,0,0,0,0.1,1
1,1.998032,0.0010425498,-0.00045565178,0,0,0,0.1,1
1,2.0603202,0.0010280677,-0.00051355252,0,0,0,0.1,1
1,2.1228098,0.0010142251,-0.00057135543,0,0,0,0.1,1
1,2.1855008,0.0010010219,-0.00062906049,0,0,0,0.1,1
1,2.2483932,0.00098845815,-0.00068666771,0,0,0,0.1,1
1,2.3114869,0.00097653386,-0.00074417709,0,0,0,0.1,1
1,2.3747821,0.00096524902,-0.00080158864,0,0,0,0.1,1
1,2.4382787,0.00095460362,-0.00085890234,0,0,0,0.1,1
1,2.5019767,0.00094459766,-0.00091611821,0,0,0,0.1,1
1,2.565876,0.00093523115,-0.00097323623,0,0,0,0.1,1
1,2.6299768,0.00092650408,-0.0010302564,0,0,0,0.1,1
1,2.6942789,0.00091841646,-0.0010871788,0,0,0,0.1,1
1,2.7587825,0.00091096829,-0.0011440033,0,0,0,0.1,1
1,2.8234874,0.00090415955,-0.0012007299,0,0,0,0.1,1
1,2.8883938,0.00089799027,-0.0012573588,0,0,0,0.1,1
1,2.9535015,0.00089246042,-0.0013138897,0,0,0,0.1,1
1,2.9898182,0.00094276282,-0.001487297,0,0,0,0.1,1
1,2.9705862,0.00094162348,-0.0014758832,0,0,0,0.1,1
1,2.9514468,0.00094030297,-0.001464714,0,0,0,0.1,1
1,2.9324,0.0009388013,-0.0014537893,0,0,0,0.1,1
1,2.9134458,0.00093711845,-0.0014431092,0,0,0,0.1,1
1,2.8945841,0.00093525443,-0.0014326736,0,0,0,0.1,1
1,2.875815,0.00093320924,-0.0014224826,0,0,0,0.1,1
1,2.8571385,0.00093098287,-0.0014125361,0,0,0,0.1,1
1,2.8385546,0.00092857534,-0.0014028341,0,0,0,0.1,1
1,2.8200632,0.00092598664,-0.0013933767,0,0,0,0.1,1
1,2.8016644,0.00092321676,-0.0013841639,0,0,0,0.1,1
1,2.7833582,0.00092026571,-0.0013751955,0,0,0,0.1,1
1,2.7651446,0.0009171335,-0.0013664718,0,0,0,0.1,1
1,2.7470235,0.00091382011,-0.0013579926,0,0,0,0.1,1
1,2.728995,0.00091032555,-0.0013497579,0,0,0,0.1,1
1,2.7110591,0.00090664982,-0.0013417677,0,0,0,0.1,1
1,2.6932158,0.00090279291,-0.0013340221,0,0,0,0.1,1
1,2.675465,0.00089875484,-0.0013265211,0,0,0,0.1,1
1,2.6578068,0.0008945356,-0.0013192646,0,0,0,0.1,1
1,2.6402412,0.00089013518,-0.0013122527,0,0,0,0.1,1
1,2.6227682,0.0008855536,-0.0013054853,0,0,0,0.1,1
1,2.6053878,0.00088079084,-0.0012989624,0,0,0,0.1,1
1,2.5880999,0.00087584691,-0.0012926841,0,0,0,0.1,1
1,2.5709046,0.00087072181,-0.0012866503,0,0,0,0.1,1
1,3.109278,0.00087347249,-0.0022630718,0,0,0,0.1,1
1,3.0739632,0.00087590507,-0.0022318957,0,0,0,0.1,1
1,3.0386853,0.0008779855,-0.0022008092,0,0,0,0.1,1
1,3.0034443,0.00087971377,-0.0021698123,0,0,0,0.1,1
1,2.9682402,0.0008810899,-0.002138905,0,0,0,0.1,1
1,2.9330729,0.00088211388,-0.0021080874,0,0,0,0.1,1
1,2.8979425,0.0008827857,-0.0020773593,0,0,0,0.1,1
1,2.862849,0.00088310537,-0.0020467209,0,0,0,0.1,1
1,2.8277924,0.0008830729,-0.002016172,0,0,0,0.1,1
1,2.7927727,0.00088268827,-0.0019857128,0,0,0,0.1,1
1,2.7577898,0.00088195149,-0.0019553432,0,0,0,0.1,1
1,2.7228439,0.00088086256,-0.0019250632,0,0,0,0.1,1
1,2.6879348,0.00087942148,-0.0018948728,0,0,0,0.1,1
1,2.6530626,0.00087762824,-0.001864772,0,0,0,0.1,1
1,2.6182272,0.00087548286,-0.0018347608,0,0,0,0.1,1
1,2.5834288,0.00087298532,-0.0018048392,0,0,0,0.1,1
1,2.5486672,0.00087013564,-0.0017750073,0,0,0,0.1,1
1,2.5139425,0.0008669338,-0.0017452649,0,0,0,0.1,1
1,2.4792547,0.00086337981,-0.0017156122,0,0,0,0.1,1
1,2.4446038,0.00085947367,-0.001686049,0,0,0,0.1,1
1,3.407054,0.00082145686,-0.0037222533,0,0,0,0.1,1
1,3.3232166,0.00082916278,-0.0036104879,0,0,0,0.1,1
1,3.2393629,0.00083611543,-0.0034975986,0,0,0,0.1,1
1,3.155493,0.00084231482,-0.0033835856,0,0,0,0.1,1
1,3.0716067,0.00084776093,-0.0032684488,0,0,0,0.1,1
1,2.9877041,0.00085245378,-0.0031521882,0,0,0,0.1,1
1,2.9037853,0.00085639337,-0.0030348038,0,0,0,0.1,1
1,2.8198502,0.00085957968,-0.0029162957,0,0,0,0.1,1
1,2.7358987,0.00086201273,-0.0027966637,0,0,0,0.1,1
1,2.651931,0.00086369252,-0.002675908,0,0,0,0.1,1
1,2.567947,0.00086461903,-0.0025540285,0,0,0,0.1,1
1,2.4839467,0.00086479228,-0.0024310252,0,0,0,0.1,1
1,2.3999301,0.00086421226,-0.0023068981,0,0,0,0.1,1
1,2.3158973,0.00086287898,-0.0021816472,0,0,0,0.1,1
1,2.2318481,0.00086079243,-0.0020552726,0,0,0,0.1,1
1,2.1477826,0.00085795261,-0.0019277742,0,0,0,0.1,1
1,2.0637009,0.00085435952,-0.0017991519,0,0,0,0.1,1
1,1.9796029,0.00085001317,-0.0016694059,0,0,0,0.1,1
1,1.8954885,0.00084491355,-0.0015385362,0,0,0,0.1,1
1,1.8113579,0.00083906067,-0.0014065426,0,0,0,0.1,1
1,2.5815627,0.00073424156,-0.0035981161,0,0,0,0.1,1
1,2.5564335,0.00073854931,-0.0035702296,0,0,0,0.1,1
1,2.5312889,0.00074269304,-0.0035417677,0,0,0,0.1,1
1,2.506129,0.00074667275,-0.0035127306,0,0,0,0.1,1
1,2.4809537,0.00075048843,-0.0034831183,0,0,0,0.1,1
1,2.455763,0.0007541401,-0.0034529306,0,0,0,0.1,1
1,2.430557,0.00075762774,-0.0034221678,0,0,0,0.1,1
1,2.4053356,0.00076095135,-0.0033908296,0,0,0,0.1,1
1,2.3800988,0.00076411095,-0.0033589162,0,0,0,0.1,1
1,2.3548467,0.00076710652,-0.0033264276,0,0,0,0.1,1
1,2.3295792,0.00076993808,-0.0032933636,0,0,0,0.1,1
1,2.3042963,0.0007726056,-0.0032597245,0,0,0,0.1,1
1,2.2789981,0.00077510911,-0.00322551,0,0,0,0.1,1
1,2.2536845,0.0007774486,-0.0031907203,0,0,0,0.1,1
1,2.2283556,0.00077962406,-0.0031553554,0,0,0,0.1,1
1,2.2030112,0.0007816355,-0.0031194151,0,0,0,0.1,1
1,2.1776516,0.00078348292,-0.0030828997,0,0,0,0.1,1
1,2.1522765,0.00078516631,-0.0030458089,0,0,0,0.1,1
1,2.1268861,0.00078668568,-0.0030081429,0,0,0,0.1,1
1,2.1014803,0.00078804103,-0.0029699016,0,0,0,0.1,1
1,2.0760592,0.00078923236,-0.0029310851,0,0,0,0.1,1
1,2.0506226,0.00079025967,-0.0028916933,0,0,0,0.1,1
1,2.0251708,0.00079112295,-0.0028517263,0,0,0,0.1,1
1,1.9997035,0.00079182221,-0.002811184,0,0,0,0.1,1
1,1.9742209,0.00079235745,-0.0027700664,0,0,0,0.1,1
1,1.9487229,0.00079272867,-0.0027283736,0,0,0,0.1,1
1,1.9232096,0.00079293587,-0.0026861055,0,0,0,0.1,1
1,1.8976809,0.00079297904,-0.0026432621,0,0,0,0.1,1
1,1.8721368,0.00079285819,-0.0025998435,0,0,0,0.1,1
1,1.8465774,0.00079257332,-0.0025558497,0,0,0,0.1,1
1,1.8210026,0.00079212442,-0.0025112805,0,0,0,0.1,1
1,1.7954124,0.0007915115,-0.0024661362,0,0,0,0.1,1
1,1.7698069,0.00079073457,-0.0024204165,0,0,0,0.1,1
1,1.744186,0.0007897936,-0.0023741216,0,0,0,0.1,1
1,1.7185497,0.00078868862,-0.0023272514,0,0,0,0.1,1
1,1.6928981,0.00078741962,-0.002279806,0,0,0,0.1,1
1,1.6672311,0.00078598659,-0.0022317853,0,0,0,0.1,1
1,1.6415488,0.00078438954,-0.0021831893,0,0,0,0.1,1
1,1.615851,0.00078262846,-0.0021340181,0,0,0,0.1,1
1,1.590138,0.00078070337,-0.0020842716,0,0,0,0.1,1
1,1.5644095,0.00077861425,-0.0020339499,0,0,0,0.1,1
1,1.5386657,0.00077636111,-0.0019830529,0,0,0,0.1,1
1,1.5129065,0.00077394395,-0.0019315807,0,0,0,0.1,1
1,1.487132,0.00077136277,-0.0018795331,0,0,0,0.1,1
1,1.461342,0.00076861756,-0.0018269104,0,0,0,0.1,1
1,1.4355368,0.00076570833,-0.0017737123,0,0,0,0.1,1
1,1.4097161,0.00076263508,-0.001719939,0,0,0,0.1,1
1,1.3838801,0.00075939781,-0.0016655905,0,0,0,0.1,1
1,1.3580287,0.00075599651,-0.0016106667,0,0,0,0.1,1
1,1.332162,0.00075243119,-0.0015551676,0,0,0,0.1,1
1,1.3062799,0.00074870185,-0.0014990932,0,0,0,0.1,1
1,1.2803824,0.00074480849,-0.0014424436,0,0,0,0.1,1
1,1.2544696,0.0007407511,-0.0013852188,0,0,0,0.1,1
1,0.022502721,0.00077342167,0.0033412454,0,0,0,0.1,1
1,0.022460224,0.0007717099,0.0033342092,0,0,0,0.1,1
1,0.022417727,0.00076999812,0.0033271713,0,0,0,0.1,1
1,0.02237523,0.00076828635,0.0033201318,0,0,0,0.1,1
1,0.022332733,0.00076657458,0.0033130907,0,0,0,0.1,1
1,0.022290236,0.00076486281,0.0033060479,0,0,0,0.1,1
1,0.022247739,0.00076315103,0.0032990035,0,0,0,0.1,1
1,0.022205242,0.00076143926,0.0032919574,0,0,0,0.1,1
1,0.022162745,0.00075972749,0.0032849097,0,0,0,0.1,1
1,0.022120249,0.00075801572,0.0032778604,0,0,0,0.1,1
1,0.022077752,0.00075630395,0.0032708094,0,0,0,0.1,1
1,0.022035255,0.00075459217,0.0032637568,0,0,0,0.1,1
1,0.021992758,0.0007528804,0.0032567026,0,0,0,0.1,1
1,0.021950262,0.00075116863,0.0032496467,0,0,0,0.1,1
1,0.021907765,0.00074945686,0.0032425892,0,0,0,0.1,1
1,0.021865268,0.00074774509,0.00323553,0,0,0,0.1,1
1,0.021822772,0.00074603332,0.0032284692,0,0,0,0.1,1
1,0.021780275,0.00074432155,0.0032214068,0,0,0,0.1,1
1,0.021737779,0.00074260978,0.0032143427,0,0,0,0.1,1
1,0.021695282,0.00074089801,0.003207277,0,0,0,0.1,1
1,0.021652786,0.00073918624,0.0032002096,0,0,0,0.1,1
1,0.021610289,0.00073747448,0.0031931406,0,0,0,0.1,1
1,0.021567793,0.00073576271,0.00318607,0,0,0,0.1,1
1,0.021525296,0.00073405094,0.0031789977,0,0,0,0.1,1
1,0.0214828,0.00073233917,0.0031719238,0,0,0,0.1,1
1,0.021440304,0.0007306274,0.0031648483,0,0,0,0.1,1
1,0.021397807,0.00072891564,0.0031577711,0,0,0,0.1,1
1,0.021355311,0.00072720387,0.0031506923,0,0,0,0.1,1
1,0.021312815,0.0007254921,0.0031436119,0,0,0,0.1,1
1,0.021270319,0.00072378033,0.0031365298,0,0,0,0.1,1
1,0.021227823,0.00072206857,0.003129446,0,0,0,0.1,1
1,0.021185327,0.0007203568,0.0031223607,0,0,0,0.1,1
1,0.02114283,0.00071864504,0.0031152737,0,0,0,0.1,1
1,0.021100334,0.00071693327,0.003108185,0,0,0,0.1,1
1,0.021057838,0.0007152215,0.0031010947,0,0,0,0.1,1
1,0.021015342,0.00071350974,0.0030940028,0,0,0,0.1,1
1,0.020972846,0.00071179797,0.0030869093,0,0,0,0.1,1
1,0.02093035,0.00071008621,0.0030798141,0,0,0,0.1,1
1,0.020887854,0.00070837444,0.0030727172,0,0,0,0.1,1
1,0.020845359,0.00070666268,0.0030656188,0,0,0,0.1,1
1,0.020802863,0.00070495091,0.0030585187,0,0,0,0.1,1
1,0.020760367,0.00070323915,0.0030514169,0,0,0,0.1,1
1,0.020717871,0.00070152739,0.0030443135,0,0,0,0.1,1
1,0.020675375,0.00069981562,0.0030372085,0,0,0,0.1,1
1,0.02063288,0.00069810386,0.0030301019,0,0,0,0.1,1
1,0.020590384,0.0006963921,0.0030229936,0,0,0,0.1,1
1,0.020547888,0.00069468033,0.0030158836,0,0,0,0.1,1
1,0.020505393,0.00069296857,0.003008772,0,0,0,0.1,1
1,0.020462897,0.00069125681,0.0030016588,0,0,0,0.1,1
1,0.020420401,0.00068954505,0.002994544,0,0,0,0.1,1
1,0.020377906,0.00068783329,0.0029874275,0,0,0,0.1,1
1,0.02033541,0.00068612152,0.0029803094,0,0,0,0.1,1
1,0.020292915,0.00068440976,0.0029731896,0,0,0,0.1,1
1,0.02025042,0.000682698,0.0029660682,0,0,0,0.1,1
1,0.020207924,0.00068098624,0.0029589452,0,0,0,0.1,1
1,0.020165429,0.00067927448,0.0029518205,0,0,0,0.1,1
1,0.020122933,0.00067756272,0.0029446942,0,0,0,0.1,1
1,0.020080438,0.00067585096,0.0029375662,0,0,0,0.1,1
1,0.020037943,0.0006741392,0.0029304366,0,0,0,0.1,1
1,0.019995448,0.00067242744,0.0029233054,0,0,0,0.1,1
1,0.019952952,0.00067071568,0.0029161726,0,0,0,0.1,1
1,0.019910457,0.00066900392,0.0029090381,0,0,0,0.1,1
1,0.019867962,0.00066729216,0.0029019019,0,0,0,0.1,1
1,0.019825467,0.0006655804,0.0028947641,0,0,0,0.1,1
1,0.019782972,0.00066386865,0.0028876247,0,0,0,0.1,1
1,0.019740477,0.00066215689,0.0028804837,0,0,0,0.1,1
1,0.019697982,0.00066044513,0.002873341,0,0,0,0.1,1
1,0.019655487,0.00065873337,0.0028661966,0,0,0,0.1,1
1,0.019612992,0.00065702162,0.0028590507,0,0,0,0.1,1
1,0.019570497,0.00065530986,0.0028519031,0,0,0,0.1,1
1,0.019528002,0.0006535981,0.0028447538,0,0,0,0.1,1
1,0.019485507,0.00065188634,0.0028376029,0,0,0,0.1,1
1,0.019443012,0.00065017459,0.0028304504,0,0,0,0.1,1
1,0.019400517,0.00064846283,0.0028232963,0,0,0,0.1,1
1,0.019358022,0.00064675108,0.0028161405,0,0,0,0.1,1
1,0.019315528,0.00064503932,0.002808983,0,0,0,0.1,1
1,0.019273033,0.00064332756,0.002801824,0,0,0,0.1,1
1,0.019230538,0.00064161581,0.0027946632,0,0,0,0.1,1
1,0.019188044,0.00063990405,0.0027875009,0,0,0,0.1,1
1,0.019145549,0.0006381923,0.0027803369,0,0,0,0.1,1
1,0.019103054,0.00063648055,0.0027731713,0,0,0,0.1,1
1,0.01906056,0.00063476879,0.002766004,0,0,0,0.1,1
1,0.019018065,0.00063305704,0.0027588351,0,0,0,0.1,1
1,0.018975571,0.00063134528,0.0027516646,0,0,0,0.1,1
1,0.018933076,0.00062963353,0.0027444924,0,0,0,0.1,1
1,0.018890582,0.00062792178,0.0027373186,0,0,0,0.1,1
1,0.018848088,0.00062621002,0.0027301432,0,0,0,0.1,1
1,0.018805593,0.00062449827,0.0027229661,0,0,0,0.1,1
1,0.018763099,0.00062278652,0.0027157873,0,0,0,0.1,1
1,0.018720604,0.00062107477,0.002708607,0,0,0,0.1,1
1,0.01867811,0.00061936301,0.002701425,0,0,0,0.1,1
1,0.018635616,0.00061765126,0.0026942413,0,0,0,0.1,1
1,0.018593122,0.00061593951,0.0026870561,0,0,0,0.1,1
1,0.018550628,0.00061422776,0.0026798691,0,0,0,0.1,1
1,0.018508133,0.00061251601,0.0026726806,0,0,0,0.1,1
1,0.018465639,0.00061080426,0.0026654904,0,0,0,0.1,1
1,0.018423145,0.00060909251,0.0026582986,0,0,0,0.1,1
1,0.018380651,0.00060738076,0.0026511051,0,0,0,0.1,1
1,0.018338157,0.00060566901,0.00264391,0,0,0,0.1,1
1,0.018295663,0.00060395726,0.0026367133,0,0,0,0.1,1
1,0.018253169,0.00060224551,0.0026295149,0,0,0,0.1,1
1,0.018210675,0.00060053376,0.0026223149,0,0,0,0.1,1
1,0.018168181,0.00059882201,0.0026151132,0,0,0,0.1,1
1,0.018125687,0.00059711026,0.0026079099,0,0,0,0.1,1
1,0.018083194,0.00059539851,0.002600705,0,0,0,0.1,1
1,0.0180407,0.00059368676,0.0025934984,0,0,0,0.1,1
1,0.017998206,0.00059197501,0.0025862902,0,0,0,0.1,1
1,0.017955712,0.00059026326,0.0025790804,0,0,0,0.1,1
1,0.017913218,0.00058855152,0.0025718689,0,0,0,0.1,1
1,0.017870725,0.00058683977,0.0025646557,0,0,0,0.1,1
1,0.017828231,0.00058512802,0.002557441,0,0,0,0.1,1
1,0.017785737,0.00058341628,0.0025502246,0,0,0,0.1,1
1,0.017743244,0.00058170453,0.0025430066,0,0,0,0.1,1
1,0.01770075,0.00057999278,0.0025357869,0,0,0,0.1,1
1,0.017658257,0.00057828104,0.0025285656,0,0,0,0.1,1
1,0.017615763,0.00057656929,0.0025213426,0,0,0,0.1,1
1,0.01757327,0.00057485754,0.002514118,0,0,0,0.1,1
1,0.017530776,0.0005731458,0.0025068918,0,0,0,0.1,1
1,0.017488283,0.00057143405,0.0024996639,0,0,0,0.1,1
1,0.01744579,0.00056972231,0.0024924344,0,0,0,0.1,1
1,0.017403296,0.00056801056,0.0024852033,0,0,0,0.1,1
1,0.017360803,0.00056629882,0.0024779705,0,0,0,0.1,1
1,0.01731831,0.00056458707,0.0024707361,0,0,0,0.1,1
1,0.017275816,0.00056287533,0.0024635001,0,0,0,0.1,1
1,0.017233323,0.00056116359,0.0024562624,0,0,0,0.1,1
1,0.01719083,0.00055945184,0.002449023,0,0,0,0.1,1
1,0.017148337,0.0005577401,0.0024417821,0,0,0,0.1,1
1,0.017105844,0.00055602836,0.0024345395,0,0,0,0.1,1
1,0.017063351,0.00055431661,0.0024272952,0,0,0,0.1,1
1,0.017020858,0.00055260487,0.0024200494,0,0,0,0.1,1
1,0.016978365,0.00055089313,0.0024128018,0,0,0,0.1,1
1,0.016935872,0.00054918139,0.0024055527,0,0,0,0.1,1
1,0.016893379,0.00054746964,0.0023983019,0,0,0,0.1,1
1,0.016850886,0.0005457579,0.0023910495,0,0,0,0.1,1
1,0.016808393,0.00054404616,0.0023837954,0,0,0,0.1,1
1,0.0167659,0.00054233442,0.0023765397,0,0,0,0.1,1
1,0.016723407,0.00054062268,0.0023692823,0,0,0,0.1,1
1,0.016680914,0.00053891094,0.0023620234,0,0,0,0.1,1
1,0.016638421,0.0005371992,0.0023547627,0,0,0,0.1,1
1,0.016595929,0.00053548746,0.0023475005,0,0,0,0.1,1
1,0.016553436,0.00053377572,0.0023402366,0,0,0,0.1,1
1,0.016510943,0.00053206398,0.002332971,0,0,0,0.1,1
1,0.016468451,0.00053035224,0.0023257039,0,0,0,0.1,1
1,0.016425958,0.0005286405,0.0023184351,0,0,0,0.1,1
1,0.016383465,0.00052692876,0.0023111646,0,0,0,0.1,1
1,0.016340973,0.00052521702,0.0023038925,0,0,0,0.1,1
1,0.01629848,0.00052350528,0.0022966188,0,0,0,0.1,1
1,0.016255988,0.00052179354,0.0022893434,0,0,0,0.1,1
1,0.016213495,0.00052008181,0.0022820664,0,0,0,0.1,1
1,0.016171003,0.00051837007,0.0022747878,0,0,0,0.1,1
1,0.016128511,0.00051665833,0.0022675075,0,0,0,0.1,1
1,0.016086018,0.00051494659,0.0022602256,0,0,0,0.1,1
1,0.016043526,0.00051323486,0.0022529421,0,0,0,0.1,1
1,0.016001034,0.00051152312,0.0022456569,0,0,0,0.1,1
1,0.015958541,0.00050981138,0.0022383701,0,0,0,0.1,1
1,0.015916049,0.00050809965,0.0022310816,0,0,0,0.1,1
1,0.015873557,0.00050638791,0.0022237915,0,0,0,0.1,1
1,0.015831065,0.00050467617,0.0022164998,0,0,0,0.1,1
1,0.015788572,0.00050296444,0.0022092064,0,0,0,0.1,1
1,0.01574608,0.0005012527,0.0022019114,0,0,0,0.1,1
1,0.015703588,0.00049954097,0.0021946147,0,0,0,0.1,1
1,0.015661096,0.00049782923,0.0021873164,0,0,0,0.1,1
1,0.015618604,0.0004961175,0.0021800165,0,0,0,0.1,1
1,0.015576112,0.00049440576,0.0021727149,0,0,0,0.1,1
1,0.01553362,0.00049269403,0.0021654117,0,0,0,0.1,1
1,0.015491128,0.0004909823,0.0021581069,0,0,0,0.1,1
1,0.015448636,0.00048927056,0.0021508004,0,0,0,0.1,1
1,0.015406145,0.00048755883,0.0021434923,0,0,0,0.1,1
1,0.015363653,0.0004858471,0.0021361825,0,0,0,0.1,1
1,0.015321161,0.00048413536,0.0021288711,0,0,0,0.1,1
1,0.015278669,0.00048242363,0.0021215581,0,0,0,0.1,1
1,0.015236177,0.0004807119,0.0021142434,0,0,0,0.1,1
1,0.015193686,0.00047900017,0.0021069271,0,0,0,0.1,1
1,0.015151194,0.00047728843,0.0020996092,0,0,0,0.1,1
1,0.015108702,0.0004755767,0.0020922896,0,0,0,0.1,1
1,0.015066211,0.00047386497,0.0020849683,0,0,0,0.1,1
1,0.015023719,0.00047215324,0.0020776455,0,0,0,0.1,1
1,0.014981228,0.00047044151,0.002070321,0,0,0,0.1,1
1,0.014938736,0.00046872978,0.0020629949,0,0,0,0.1,1
1,0.014896245,0.00046701805,0.0020556671,0,0,0,0.1,1
1,0.014853753,0.00046530632,0.0020483377,0,0,0,0.1,1
1,0.014811262,0.00046359459,0.0020410066,0,0,0,0.1,1
1,0.01476877,0.00046188286,0.0020336739,0,0,0,0.1,1
1,0.014726279,0.00046017113,0.0020263396,0,0,0,0.1,1
1,0.014683788,0.0004584594,0.0020190036,0,0,0,0.1,1
1,0.014641296,0.00045674767,0.002011666,0,0,0,0.1,1
1,0.014598805,0.00045503594,0.0020043268,0,0,0,0.1,1
1,0.014556314,0.00045332421,0.0019969859,0,0,0,0.1,1
1,0.014513823,0.00045161248,0.0019896434,0,0,0,0.1,1
1,0.014471331,0.00044990075,0.0019822993,0,0,0,0.1,1
1,0.01442884,0.00044818903,0.0019749535,0,0,0,0.1,1
1,0.014386349,0.0004464773,0.001967606,0,0,0,0.1,1
1,0.014343858,0.00044476557,0.001960257,0,0,0,0.1,1
1,0.014301367,0.00044305384,0.0019529063,0,0,0,0.1,1
1,0.014258876,0.00044134212,0.0019455539,0,0,0,0.1,1
1,0.014216385,0.00043963039,0.0019382,0,0,0,0.1,1
1,0.014173894,0.00043791866,0.0019308443,0,0,0,0.1,1
1,0.014131403,0.00043620694,0.0019234871,0,0,0,0.1,1
1,0.014088912,0.00043449521,0.0019161282,0,0,0,0.1,1
1,0.014046421,0.00043278349,0.0019087677,0,0,0,0.1,1
1,0.01400393,0.00043107176,0.0019014055,0,0,0,0.1,1
1,0.01396144,0.00042936004,0.0018940417,0,0,0,0.1,1
1,0.013918949,0.00042764831,0.0018866762,0,0,0,0.1,1
1,0.013876458,0.00042593659,0.0018793091,0,0,0,0.1,1
1,0.013833967,0.00042422486,0.0018719404,0,0,0,0.1,1
1,0.013791477,0.00042251314,0.0018645701,0,0,0,0.1,1
1,0.013748986,0.00042080141,0.0018571981,0,0,0,0.1,1
1,0.013706495,0.00041908969,0.0018498244,0,0,0,0.1,1
1,0.013664005,0.00041737797,0.0018424492,0,0,0,0.1,1
1,0.013621514,0.00041566624,0.0018350723,0,0,0,0.1,1
1,0.013579024,0.00041395452,0.0018276937,0,0,0,0.1,1
1,0.013536533,0.0004122428,0.0018203135,0,0,0,0.1,1
1,0.013494043,0.00041053107,0.0018129317,0,0,0,0.1,1
1,0.013451552,0.00040881935,0.0018055482,0,0,0,0.1,1
1,0.013409062,0.00040710763,0.0017981631,0,0,0,0.1,1
1,0.013366572,0.00040539591,0.0017907764,0,0,0,0.1,1
1,0.013324081,0.00040368419,0.001783388,0,0,0,0.1,1
1,0.013281591,0.00040197247,0.001775998,0,0,0,0.1,1
1,0.013239101,0.00040026074,0.0017686064,0,0,0,0.1,1
1,0.013196611,0.00039854902,0.0017612131,0,0,0,0.1,1
1,0.01315412,0.0003968373,0.0017538181,0,0,0,0.1,1
1,0.01311163,0.00039512558,0.0017464216,0,0,0,0.1,1
1,0.01306914,0.00039341386,0.0017390234,0,0,0,0.1,1
1,0.01302665,0.00039170214,0.0017316235,0,0,0,0.1,1
1,0.01298416,0.00038999042,0.0017242221,0,0,0,0.1,1
1,0.01294167,0.0003882787,0.0017168189,0,0,0,0.1,1
1,0.01289918,0.00038656698,0.0017094142,0,0,0,0.1,1
1,0.01285669,0.00038485527,0.0017020078,0,0,0,0.1,1
1,0.0128142,0.00038314355,0.0016945998,0,0,0,0.1,1
1,0.01277171,0.00038143183,0.0016871901,0,0,0,0.1,1
1,0.01272922,0.00037972011,0.0016797788,0,0,0,0.1,1
1,0.01268673,0.00037800839,0.0016723658,0,0,0,0.1,1
1,0.01264424,0.00037629667,0.0016649513,0,0,0,0.1,1
1,0.01260175,0.00037458496,0.001657535,0,0,0,0.1,1
1,0.012559261,0.00037287324,0.0016501172,0,0,0,0.1,1
1,0.012516771,0.00037116152,0.0016426977,0,0,0,0.1,1
1,0.012474281,0.00036944981,0.0016352766,0,0,0,0.1,1
1,0.012431792,0.00036773809,0.0016278538,0,0,0,0.1,1
1,0.012389302,0.00036602637,0.0016204294,0,0,0,0.1,1
1,0.012346812,0.00036431466,0.0016130033,0,0,0,0.1,1
1,0.012304323,0.00036260294,0.0016055756,0,0,0,0.1,1
1,0.012261833,0.00036089123,0.0015981463,0,0,0,0.1,1
1,0.012219344,0.00035917951,0.0015907154,0,0,0,0.1,1
1,0.012176854,0.0003574678,0.0015832828,0,0,0,0.1,1
1,0.012134365,0.00035575608,0.0015758485,0,0,0,0.1,1
1,0.012091875,0.00035404437,0.0015684127,0,0,0,0.1,1
1,0.012049386,0.00035233265,0.0015609751,0,0,0,0.1,1
1,0.012006897,0.00035062094,0.001553536,0,0,0,0.1,1
1,0.011964407,0.00034890922,0.0015460952,0,0,0,0.1,1
1,0.011921918,0.00034719751,0.0015386528,0,0,0,0.1,1
1,0.011879429,0.0003454858,0.0015312087,0,0,0,0.1,1
1,0.011836939,0.00034377408,0.001523763,0,0,0,0.1,1
1,0.01179445,0.00034206237,0.0015163157,0,0,0,0.1,1
1,0.011751961,0.00034035066,0.0015088667,0,0,0,0.1,1
1,0.011709472,0.00033863895,0.0015014161,0,0,0,0.1,1
1,0.011666983,0.00033692723,0.0014939638,0,0,0,0.1,1
1,0.011624494,0.00033521552,0.0014865099,0,0,0,0.1,1
1,0.011582005,0.00033350381,0.0014790544,0,0,0,0.1,1
1,0.011539516,0.0003317921,0.0014715972,0,0,0,0.1,1
1,0.011497027,0.00033008039,0.0014641384,0,0,0,0.1,1
1,0.011454538,0.00032836868,0.001456678,0,0,0,0.1,1
1,0.011412049,0.00032665697,0.0014492159,0,0,0,0.1,1
1,0.01136956,0.00032494526,0.0014417522,0,0,0,0.1,1
1,0.011327071,0.00032323355,0.0014342868,0,0,0,0.1,1
1,0.011284582,0.00032152184,0.0014268199,0,0,0,0.1,1
1,0.011242093,0.00031981013,0.0014193512,0,0,0,0.1,1
1,0.011199605,0.00031809842,0.001411881,0,0,0,0.1,1
1,0.011157116,0.00031638671,0.001404409,0,0,0,0.1,1
1,0.011114627,0.000314675,0.0013969355,0,0,0,0.1,1
1,0.011072139,0.00031296329,0.0013894603,0,0,0,0.1,1
1,0.01102965,0.00031125158,0.0013819835,0,0,0,0.1,1
1,0.010987161,0.00030953987,0.001374505,0,0,0,0.1,1
1,0.010944673,0.00030782816,0.0013670249,0,0,0,0.1,1
1,0.010902184,0.00030611646,0.0013595432,0,0,0,0.1,1
1,0.010859696,0.00030440475,0.0013520598,0,0,0,0.1,1
1,0.010817207,0.00030269304,0.0013445748,0,0,0,0.1,1
1,0.010774719,0.00030098133,0.0013370882,0,0,0,0.1,1
1,0.01073223,0.00029926963,0.0013295999,0,0,0,0.1,1
1,0.010689742,0.00029755792,0.00132211,0,0,0,0.1,1
1,0.010647254,0.00029584621,0.0013146184,0,0,0,0.1,1
1,0.010604765,0.00029413451,0.0013071252,0,0,0,0.1,1
1,0.010562277,0.0002924228,0.0012996304,0,0,0,0.1,1
1,0.010519789,0.0002907111,0.0012921339,0,0,0,0.1,1
1,0.0104773,0.00028899939,0.0012846358,0,0,0,0.1,1
1,0.010434812,0.00028728769,0.001277136,0,0,0,0.1,1
1,0.010392324,0.00028557598,0.0012696346,0,0,0,0.1,1
1,0.010349836,0.00028386428,0.0012621316,0,0,0,0.1,1
1,0.010307348,0.00028215257,0.0012546269,0,0,0,0.1,1
1,0.01026486,0.00028044087,0.0012471206,0,0,0,0.1,1
1,0.010222372,0.00027872916,0.0012396127,0,0,0,0.1,1
1,0.010179884,0.00027701746,0.0012321031,0,0,0,0.1,1
1,0.010137396,0.00027530576,0.0012245919,0,0,0,0.1,1
1,0.010094908,0.00027359405,0.001217079,0,0,0,0.1,1
1,0.01005242,0.00027188235,0.0012095646,0,0,0,0.1,1
1,0.010009932,0.00027017065,0.0012020484,0,0,0,0.1,1
1,0.009967444,0.00026845895,0.0011945307,0,0,0,0.1,1
1,0.0099249562,0.00026674724,0.0011870112,0,0,0,0.1,1
1,0.0098824684,0.00026503554,0.0011794902,0,0,0,0.1,1
1,0.0098399806,0.00026332384,0.0011719675,0,0,0,0.1,1
1,0.0097974929,0.00026161214,0.0011644432,0,0,0,0.1,1
1,0.0097550052,0.00025990044,0.0011569172,0,0,0,0.1,1
1,0.0097125175,0.00025818874,0.0011493896,0,0,0,0.1,1
1,0.0096700299,0.00025647704,0.0011418604,0,0,0,0.1,1
1,0.0096275423,0.00025476534,0.0011343295,0,0,0,0.1,1
1,0.0095850547,0.00025305364,0.001126797,0,0,0,0.1,1
1,0.0095425672,0.00025134194,0.0011192629,0,0,0,0.1,1
1,0.0095000797,0.00024963024,0.0011117271,0,0,0,0.1,1
1,0.0094575922,0.00024791854,0.0011041897,0,0,0,0.1,1
1,0.0094151047,0.00024620684,0.0010966506,0,0,0,0.1,1
1,0.0093726173,0.00024449514,0.0010891099,0,0,0,0.1,1
1,0.0093301299,0.00024278344,0.0010815676,0,0,0,0.1,1
1,0.0092876426,0.00024107174,0.0010740236,0,0,0,0.1,1
1,0.0092451552,0.00023936004,0.001066478,0,0,0,0.1,1
1,0.009202668,0.00023764834,0.0010589307,0,0,0,0.1,1
1,0.0091601807,0.00023593665,0.0010513819,0,0,0,0.1,1
1,0.0091176935,0.00023422495,0.0010438313,0,0,0,0.1,1
1,0.0090752063,0.00023251325,0.0010362792,0,0,0,0.1,1
1,0.0090327191,0.00023080155,0.0010287254,0,0,0,0.1,1
1,0.008990232,0.00022908986,0.0010211699,0,0,0,0.1,1
1,0.0089477449,0.00022737816,0.0010136128,0,0,0,0.1,1
1,0.0089052578,0.00022566646,0.0010060541,0,0,0,0.1,1
1,0.0088627707,0.00022395477,0.00099849378,0,0,0,0.1,1
1,0.0088202837,0.00022224307,0.00099093179,0,0,0,0.1,1
1,0.0087777967,0.00022053138,0.00098336816,0,0,0,0.1,1
1,0.0087353098,0.00021881968,0.00097580289,0,0,0,0.1,1
1,0.0086928229,0.00021710799,0.00096823599,0,0,0,0.1,1
1,0.008650336,0.00021539629,0.00096066745,0,0,0,0.1,1
1,0.0086078491,0.0002136846,0.00095309727,0,0,0,0.1,1
1,0.0085653623,0.0002119729,0.00094552545,0,0,0,0.1,1
1,0.0085228755,0.00021026121,0.00093795199,0,0,0,0.1,1
1,0.0084803888,0.00020854951,0.0009303769,0,0,0,0.1,1
1,0.008437902,0.00020683782,0.00092280016,0,0,0,0.1,1
1,0.0083954153,0.00020512613,0.00091522179,0,0,0,0.1,1
1,0.0083529287,0.00020341443,0.00090764179,0,0,0,0.1,1
1,0.008310442,0.00020170274,0.00090006014,0,0,0,0.1,1
1,0.0082679554,0.00019999105,0.00089247686,0,0,0,0.1,1
1,0.0082254689,0.00019827935,0.00088489194,0,0,0,0.1,1
1,0.0081829823,0.00019656766,0.00087730538,0,0,0,0.1,1
1,0.0081404958,0.00019485597,0.00086971718,0,0,0,0.1,1
1,0.0080980093,0.00019314428,0.00086212734,0,0,0,0.1,1
1,0.0080555229,0.00019143259,0.00085453587,0,0,0,0.1,1
1,0.0080130365,0.0001897209,0.00084694276,0,0,0,0.1,1
1,0.0079705501,0.0001880092,0.00083934801,0,0,0,0.1,1
1,0.0079280637,0.00018629751,0.00083175162,0,0,0,0.1,1
1,0.0078855774,0.00018458582,0.0008241536,0,0,0,0.1,1
1,0.0078430911,0.00018287413,0.00081655394,0,0,0,0.1,1
1,0.0078006049,0.00018116244,0.00080895264,0,0,0,0.1,1
1,0.0077581186,0.00017945075,0.0008013497,0,0,0,0.1,1
1,0.0077156324,0.00017773906,0.00079374512,0,0,0,0.1,1
1,0.0076731463,0.00017602737,0.00078613891,0,0,0,0.1,1
1,0.0076306601,0.00017431568,0.00077853106,0,0,0,0.1,1
1,0.007588174,0.000172604,0.00077092157,0,0,0,0.1,1
1,0.007545688,0.00017089231,0.00076331044,0,0,0,0.1,1
1,0.0075032019,0.00016918062,0.00075569767,0,0,0,0.1,1
1,0.0074607159,0.00016746893,0.00074808327,0,0,0,0.1,1
1,0.0074182299,0.00016575724,0.00074046723,0,0,0,0.1,1
1,0.007375744,0.00016404555,0.00073284955,0,0,0,0.1,1
1,0.0073332581,0.00016233387,0.00072523023,0,0,0,0.1,1
1,0.0072907722,0.00016062218,0.00071760928,0,0,0,0.1,1
1,0.0072482864,0.00015891049,0.00070998668,0,0,0,0.1,1
1,0.0072058005,0.00015719881,0.00070236245,0,0,0,0.1,1
1,0.0071633147,0.00015548712,0.00069473658,0,0,0,0.1,1
1,0.007120829,0.00015377543,0.00068710908,0,0,0,0.1,1
1,0.0070783433,0.00015206375,0.00067947993,0,0,0,0.1,1
1,0.0070358576,0.00015035206,0.00067184915,0,0,0,0.1,1
1,0.0069933719,0.00014864038,0.00066421673,0,0,0,0.1,1
1,0.0069508863,0.00014692869,0.00065658267,0,0,0,0.1,1
1,0.0069084007,0.00014521701,0.00064894698,0,0,0,0.1,1
1,0.0068659151,0.00014350532,0.00064130964,0,0,0,0.1,1
1,0.0068234296,0.00014179364,0.00063367067,0,0,0,0.1,1
1,0.0067809441,0.00014008195,0.00062603006,0,0,0,0.1,1
1,0.0067384586,0.00013837027,0.00061838781,0,0,0,0.1,1
1,0.0066959731,0.00013665858,0.00061074393,0,0,0,0.1,1
1,0.0066534877,0.0001349469,0.00060309841,0,0,0,0.1,1
1,0.0066110023,0.00013323522,0.00059545124,0,0,0,0.1,1
1,0.006568517,0.00013152353,0.00058780245,0,0,0,0.1,1
1,0.0065260317,0.00012981185,0.00058015201,0,0,0,0.1,1
1,0.0064835464,0.00012810017,0.00057249993,0,0,0,0.1,1
1,0.0064410611,0.00012638849,0.00056484622,0,0,0,0.1,1
1,0.0063985759,0.0001246768,0.00055719087,0,0,0,0.1,1
1,0.0063560907,0.00012296512,0.00054953388,0,0,0,0.1,1
1,0.0063136056,0.00012125344,0.00054187526,0,0,0,0.1,1
1,0.0062711204,0.00011954176,0.00053421499,0,0,0,0.1,1
1,0.0062286353,0.00011783008,0.00052655309,0,0,0,0.1,1
1,0.0061861503,0.0001161184,0.00051888955,0,0,0,0.1,1
1,0.0061436652,0.00011440672,0.00051122437,0,0,0,0.1,1
1,0.0061011802,0.00011269504,0.00050355756,0,0,0,0.1,1
1,0.0060586952,0.00011098336,0.0004958891,0,0,0,0.1,1
1,0.0060162103,0.00010927168,0.00048821901,0,0,0,0.1,1
1,0.0059737254,0.00010756,0.00048054728,0,0,0,0.1,1
1,0.0059312405,0.00010584832,0.00047287391,0,0,0,0.1,1
1,0.0058887557,0.00010413664,0.00046519891,0,0,0,0.1,1
1,0.0058462708,0.00010242496,0.00045752226,0,0,0,0.1,1
1,0.0058037861,0.00010071328,0.00044984398,0,0,0,0.1,1
1,0.0057613013,9.9001602e-05,0.00044216406,0,0,0,0.1,1
1,0.0057188166,9.7289924e-05,0.00043448251,0,0,0,0.1,1
1,0.0056763319,9.5578246e-05,0.00042679931,0,0,0,0.1,1
1,0.0056338472,9.3866568e-05,0.00041911448,0,0,0,0.1,1
1,0.0055913626,9.2154891e-05,0.00041142801,0,0,0,0.1,1
1,0.005548878,9.0443213e-05,0.0004037399,0,0,0,0.1,1
1,0.0055063934,8.8731536e-05,0.00039605016,0,0,0,0.1,1
1,0.0054639089,8.701986e-05,0.00038835877,0,0,0,0.1,1
1,0.0054214244,8.5308183e-05,0.00038066575,0,0,0,0.1,1
1,0.0053789399,8.3596507e-05,0.00037297109,0,0,0,0.1,1
1,0.0053364555,8.1884831e-05,0.00036527479,0,0,0,0.1,1
1,0.0052939711,8.0173155e-05,0.00035757686,0,0,0,0.1,1
1,0.0052514867,7.8461479e-05,0.00034987728,0,0,0,0.1,1
1,0.0052090024,7.6749804e-05,0.00034217607,0,0,0,0.1,1
1,0.005166518,7.5038129e-05,0.00033447322,0,0,0,0.1,1
1,0.0051240338,7.3326454e-05,0.00032676874,0,0,0,0.1,1
1,0.0050815495,7.1614779e-05,0.00031906261,0,0,0,0.1,1
1,0.0050390653,6.9903105e-05,0.00031135485,0,0,0,0.1,1
1,0.0049965811,6.8191431e-05,0.00030364545,0,0,0,0.1,1
1,0.0049540969,6.6479757e-05,0.00029593441,0,0,0,0.1,1
1,0.0049116128,6.4768083e-05,0.00028822173,0,0,0,0.1,1
1,0.0048691287,6.305641e-05,0.00028050742,0,0,0,0.1,1
1,0.0048266446,6.1344737e-05,0.00027279146,0,0,0,0.1,1
1,0.0047841606,5.9633064e-05,0.00026507387,0,0,0,0.1,1
1,0.0047416766,5.7921391e-05,0.00025735465,0,0,0,0.1,1
1,0.0046991926,5.6209719e-05,0.00024963378,0,0,0,0.1,1
1,0.0046567087,5.4498047e-05,0.00024191128,0,0,0,0.1,1
1,0.0046142248,5.2786375e-05,0.00023418713,0,0,0,0.1,1
1,0.0045717409,5.1074703e-05,0.00022646136,0,0,0,0.1,1
1,0.0045292571,4.9363032e-05,0.00021873394,0,0,0,0.1,1
1,0.0044867733,4.765136e-05,0.00021100488,0,0,0,0.1,1
1,0.0044442895,4.5939689e-05,0.00020327419,0,0,0,0.1,1
1,0.0044018057,4.4228019e-05,0.00019554186,0,0,0,0.1,1
1,0.004359322,4.2516348e-05,0.00018780789,0,0,0,0.1,1
1,0.0043168383,4.0804678e-05,0.00018007228,0,0,0,0.1,1
1,0.0042743547,3.9093008e-05,0.00017233504,0,0,0,0.1,1
1,0.004231871,3.7381338e-05,0.00016459615,0,0,0,0.1,1
1,0.0041893874,3.5669669e-05,0.00015685563,0,0,0,0.1,1
1,0.0041469039,3.3957999e-05,0.00014911348,0,0,0,0.1,1
1,0.0041044203,3.224633e-05,0.00014136968,0,0,0,0.1,1
1,0.0040619368,3.0534662e-05,0.00013362424,0,0,0,0.1,1
1,0.0040194534,2.8822993e-05,0.00012587717,0,0,0,0.1,1
1,0.0039769699,2.7111325e-05,0.00011812846,0,0,0,0.1,1
1,0.0039344865,2.5399657e-05,0.00011037811,0,0,0,0.1,1
1,0.0038920032,2.3687989e-05,0.00010262613,0,0,0,0.1,1
1,0.0038495198,2.1976321e-05,9.4872505e-05,0,0,0,0.1,1
1,0.0038070365,2.0264654e-05,8.7117243e-05,0,0,0,0.1,1
1,0.0037645532,1.8552987e-05,7.9360344e-05,0,0,0,0.1,1
1,0.00372207,1.684132e-05,7.1601807e-05,0,0,0,0.1,1
1,0.0036795868,1.5129653e-05,6.3841631e-05,0,0,0,0.1,1
1,0.0036371036,1.3417987e-05,5.6079818e-05,0,0,0,0.1,1
1,0.0035946204,1.1706321e-05,4.8316367e-05,0,0,0,0.1,1
1,0.0035521373,9.9946549e-06,4.0551278e-05,0,0,0,0.1,1
1,0.0035096542,8.2829893e-06,3.2784552e-05,0,0,0,0.1,1
1,0.0034671711,6.5713239e-06,2.5016187e-05,0,0,0,0.1,1
1,0.0034246881,4.8596587e-06,1.7246184e-05,0,0,0,0.1,1
1,0.0033822051,3.1479938e-06,9.4745439e-06,0,0,0,0.1,1
1,0.0033397221,1.4363291e-06,1.7012656e-06,0,0,0,0.1,1
1,0.0032972392,-2.753353e-07,-6.0736506e-06,0,0,0,0.1,1
1,0.0032547563,-1.9869995e-06,-1.3850205e-05,0,0,0,0.1,1
1,0.0032122734,-3.6986634e-06,-2.1628397e-05,0,0,0,0.1,1
1,0.0031697906,-5.4103271e-06,-2.9408226e-05,0,0,0,0.1,1
1,0.0031273078,-7.1219906e-06,-3.7189694e-05,0,0,0,0.1,1
1,0.003084825,-8.8336538e-06,-4.49728e-05,0,0,0,0.1,1
1,0.0030423422,-1.0545317e-05,-5.2757543e-05,0,0,0,0.1,1
1,0.0029998595,-1.225698e-05,-6.0543925e-05,0,0,0,0.1,1
1,0.0029573768,-1.3968642e-05,-6.8331944e-05,0,0,0,0.1,1
1,0.0029148942,-1.5680304e-05,-7.6121601e-05,0,0,0,0.1,1
1,0.0028724116,-1.7391966e-05,-8.3912896e-05,0,0,0,0.1,1
1,0.002829929,-1.9103628e-05,-9.1705829e-05,0,0,0,0.1,1
1,0.0027874464,-2.081529e-05,-9.95004e-05,0,0,0,0.1,1
1,0.0027449639,-2.2526951e-05,-0.00010729661,0,0,0,0.1,1
1,0.0027024814,-2.4238612e-05,-0.00011509446,0,0,0,0.1,1
1,0.0026599989,-2.5950273e-05,-0.00012289394,0,0,0,0.1,1
1,0.0026175165,-2.7661933e-05,-0.00013069506,0,0,0,0.1,1
1,0.0025750341,-2.9373594e-05,-0.00013849782,0,0,0,0.1,1
1,0.0025325517,-3.1085254e-05,-0.00014630222,0,0,0,0.1,1
1,0.0024900694,-3.2796914e-05,-0.00015410826,0,0,0,0.1,1
1,0.0024475871,-3.4508573e-05,-0.00016191593,0,0,0,0.1,1
1,0.0024051048,-3.6220232e-05,-0.00016972524,0,0,0,0.1,1
1,0.0023626225,-3.7931892e-05,-0.00017753619,0,0,0,0.1,1
1,0.0023201403,-3.964355e-05,-0.00018534878,0,0,0,0.1,1
1,0.0022776581,-4.1355209e-05,-0.000193163,0,0,0,0.1,1
1,0.002235176,-4.3066867e-05,-0.00020097887,0,0,0,0.1,1
1,0.0021926939,-4.4778526e-05,-0.00020879637,0,0,0,0.1,1
1,0.0021502118,-4.6490184e-05,-0.00021661551,0,0,0,0.1,1
1,0.0021077297,-4.8201841e-05,-0.00022443629,0,0,0,0.1,1
1,0.0020652477,-4.9913499e-05,-0.0002322587,0,0,0,0.1,1
1,0.0020227657,-5.1625156e-05,-0.00024008275,0,0,0,0.1,1
1,0.0019802837,-5.3336813e-05,-0.00024790844,0,0,0,0.1,1
1,0.0019378018,-5.5048469e-05,-0.00025573577,0,0,0,0.1,1
1,0.0018953199,-5.6760126e-05,-0.00026356474,0,0,0,0.1,1
1,0.001852838,-5.8471782e-05,-0.00027139534,0,0,0,0.1,1
1,0.0018103562,-6.0183438e-05,-0.00027922758,0,0,0,0.1,1
1,0.0017678744,-6.1895094e-05,-0.00028706146,0,0,0,0.1,1
1,0.0017253926,-6.3606749e-05,-0.00029489698,0,0,0,0.1,1
1,0.0016829108,-6.5318404e-05,-0.00030273414,0,0,0,0.1,1
1,0.0016404291,-6.7030059e-05,-0.00031057293,0,0,0,0.1,1
1,0.0015979475,-6.8741714e-05,-0.00031841336,0,0,0,0.1,1
1,0.0015554658,-7.0453369e-05,-0.00032625543,0,0,0,0.1,1
1,0.0015129842,-7.2165023e-05,-0.00033409914,0,0,0,0.1,1
1,0.0014705026,-7.3876677e-05,-0.00034194449,0,0,0,0.1,1
1,0.001428021,-7.5588331e-05,-0.00034979147,0,0,0,0.1,1
1,0.0013855395,-7.7299984e-05,-0.00035764009,0,0,0,0.1,1
1,0.001343058,-7.9011638e-05,-0.00036549035,0,0,0,0.1,1
1,0.0013005766,-8.0723291e-05,-0.00037334225,0,0,0,0.1,1
1,0.0012580951,-8.2434943e-05,-0.00038119578,0,0,0,0.1,1
1,0.0012156137,-8.4146596e-05,-0.00038905095,0,0,0,0.1,1
1,0.0011731324,-8.5858248e-05,-0.00039690776,0,0,0,0.1,1
1,0.001130651,-8.75699e-05,-0.00040476621,0,0,0,0.1,1
1,0.0010881697,-8.9281552e-05,-0.0004126263,0,0,0,0.1,1
1,0.0010456884,-9.0993204e-05,-0.00042048802,0,0,0,0.1,1
1,0.0010032072,-9.2704855e-05,-0.00042835138,0,0,0,0.1,1
1,0.00096072598,-9.4416506e-05,-0.00043621638,0,0,0,0.1,1
1,0.0009182448,-9.6128157e-05,-0.00044408302,0,0,0,0.1,1
1,0.00087576365,-9.7839808e-05,-0.0004519513,0,0,0,0.1,1
1,0.00083328253,-9.9551458e-05,-0.00045982121,0,0,0,0.1,1
1,0.00079080144,-0.00010126311,-0.00046769276,0,0,0,0.1,1
1,0.00074832039,-0.00010297476,-0.00047556595,0,0,0,0.1,1
1,0.00070583936,-0.00010468641,-0.00048344078,0,0,0,0.1,1
1,0.00066335837,-0.00010639806,-0.00049131724,0,0,0,0.1,1
1,0.00062087741,-0.00010810971,-0.00049919535,0,0,0,0.1,1
1,0.00057839648,-0.00010982136,-0.00050707509,0,0,0,0.1,1
1,0.00053591558,-0.000111533,-0.00051495647,0,0,0,0.1,1
1,0.00049343471,-0.00011324465,-0.00052283948,0,0,0,0.1,1
1,0.00045095387,-0.0001149563,-0.00053072414,0,0,0,0.1,1
1,0.00040847307,-0.00011666795,-0.00053861043,0,0,0,0.1,1
1,0.0003659923,-0.0001183796,-0.00054649836,0,0,0,0.1,1
1,0.00032351155,-0.00012009124,-0.00055438793,0,0,0,0.1,1
1,0.00028103084,-0.00012180289,-0.00056227913,0,0,0,0.1,1
1,0.00023855016,-0.00012351454,-0.00057017198,0,0,0,0.1,1
1,0.00019606952,-0.00012522618,-0.00057806646,0,0,0,0.1,1
1,0.0001535889,-0.00012693783,-0.00058596258,0,0,0,0.1,1
1,0.00011110831,-0.00012864948,-0.00059386034,0,0,0,0.1,1
1,6.862776e-05,-0.00013036112,-0.00060175973,0,0,0,0.1,1
1,2.6147238e-05,-0.00013207277,-0.00060966077,0,0,0,0.1,1
1,-1.6333254e-05,-0.00013378442,-0.00061756344,0,0,0,0.1,1
1,-5.8813714e-05,-0.00013549606,-0.00062546775,0,0,0,0.1,1
1,-0.00010129414,-0.00013720771,-0.00063337369,0,0,0,0.1,1
1,-0.00014377454,-0.00013891935,-0.00064128128,0,0,0,0.1,1
1,-0.00018625491,-0.00014063099,-0.0006491905,0,0,0,0.1,1
1,-0.00022873524,-0.00014234264,-0.00065710136,0,0,0,0.1,1
1,-0.00027121554,-0.00014405428,-0.00066501386,0,0,0,0.1,1
1,-0.00031369582,-0.00014576593,-0.000672928,0,0,0,0.1,1
1,-0.00035617606,-0.00014747757,-0.00068084377,0,0,0,0.1,1
1,-0.00039865627,-0.00014918921,-0.00068876118,0,0,0,0.1,1
1,-0.00044113644,-0.00015090086,-0.00069668023,0,0,0,0.1,1
1,-0.00048361659,-0.0001526125,-0.00070460092,0,0,0,0.1,1
1,-0.0005260967,-0.00015432414,-0.00071252325,0,0,0,0.1,1
1,-0.00056857679,-0.00015603579,-0.00072044721,0,0,0,0.1,1
1,-0.00061105684,-0.00015774743,-0.00072837281,0,0,0,0.1,1
1,-0.00065353686,-0.00015945907,-0.00073630005,0,0,0,0.1,1
1,-0.00069601685,-0.00016117071,-0.00074422893,0,0,0,0.1,1
1,-0.00073849681,-0.00016288235,-0.00075215944,0,0,0,0.1,1
1,-0.00078097674,-0.00016459399,-0.0007600916,0,0,0,0.1,1
1,-0.00082345663,-0.00016630563,-0.00076802539,0,0,0,0.1,1
1,-0.0008659365,-0.00016801728,-0.00077596082,0,0,0,0.1,1
1,-0.00090841633,-0.00016972892,-0.00078389788,0,0,0,0.1,1
1,-0.00095089613,-0.00017144056,-0.00079183659,0,0,0,0.1,1
1,-0.0009933759,-0.0001731522,-0.00079977693,0,0,0,0.1,1
1,-0.0010358556,-0.00017486384,-0.00080771891,0,0,0,0.1,1
1,-0.0010783354,-0.00017657548,-0.00081566253,0,0,0,0.1,1
1,-0.001120815,-0.00017828711,-0.00082360779,0,0,0,0.1,1
1,-0.0011632947,-0.00017999875,-0.00083155468,0,0,0,0.1,1
1,-0.0012057743,-0.00018171039,-0.00083950321,0,0,0,0.1,1
1,-0.0012482539,-0.00018342203,-0.00084745338,0,0,0,0.1,1
1,-0.0012907334,-0.00018513367,-0.00085540519,0,0,0,0.1,1
1,-0.0013332129,-0.00018684531,-0.00086335863,0,0,0,0.1,1
1,-0.0013756924,-0.00018855694,-0.00087131372,0,0,0,0.1,1
1,-0.0014181719,-0.00019026858,-0.00087927044,0,0,0,0.1,1
1,-0.0014606513,-0.00019198022,-0.0008872288,0,0,0,0.1,1
1,-0.0015031307,-0.00019369186,-0.0008951888,0,0,0,0.1,1
1,-0.0015456101,-0.00019540349,-0.00090315043,0,0,0,0.1,1
1,-0.0015880894,-0.00019711513,-0.0009111137,0,0,0,0.1,1
1,-0.0016305687,-0.00019882677,-0.00091907861,0,0,0,0.1,1
1,-0.001673048,-0.0002005384,-0.00092704516,0,0,0,0.1,1
1,-0.0017155272,-0.00020225004,-0.00093501335,0,0,0,0.1,1
1,-0.0017257271,-0.00020266103,-0.00093692687,0,0,0,0.024011487,1
